0              0              0
0              1              0
0              2              0
0              3              0
0              4              0
0              5              0
0              6              0
0              7              0
0              8              0
0              9              0
0             10              0
0             11              0
0             12              0
0             13              0
0             14              0
0             15              0
0             16              0
0             17              0
0             18              0
0             19              0
0             20              0
0             21              0
0             22              0
0             23              0
0             24              0
0             25              0
0             26              0
0             27              0
0             28              0
0             29              0
0             30              0
0             31              0
0             32              0
0             33              0
0             34              0
0             35              0
0             36              0
0             37              0
0             38              0
0             39              0
0             40              0
0             41              0
0             42              0
0             43              0
0             44              0
0             45              0
0             46              0
0             47              0
0             48              0
0             49              0
0             50     0.00287478
0             51      0.0170543
0             52      0.0534197
0             53       0.178317
0             54       0.587084
0             55        1.73305
0             56        4.46014
0             57        10.3543
0             58        21.9418
0             59        41.9364
0             60        71.1024
0             61        111.847
0             62        159.501
0             63        205.077
0             64        240.692
0             65        255.076
0             66        243.013
0             67        210.786
0             68        162.422
0             69        115.608
0             70        73.5632
0             71        43.3565
0             72        22.5702
0             73         10.895
0             74        4.71899
0             75        1.83532
0             76       0.685675
0             77       0.213383
0             78      0.0520423
0             79      0.0103008
0             80     0.00140985
0             81    5.44352e-05
0             82              0
0             83              0
0             84              0
0             85              0
0             86              0
0             87              0
0             88              0
0             89              0
0             90              0
0             91              0
0             92              0
0             93              0
0             94              0
0             95              0
0             96              0
0             97              0
0             98              0
0             99              0
0            100              0
0            101              0
0            102              0
0            103              0
0            104              0
0            105              0
0            106              0
0            107              0
0            108              0
0            109              0
0            110              0
0            111              0
0            112              0
0            113              0
0            114              0
0            115              0
0            116              0
0            117              0
0            118              0
0            119              0
0            120              0
0            121              0
0            122              0
0            123              0
0            124              0
0            125              0
0            126              0
0            127              0
0            128              0
0            129              0
0            130              0
0            131              0
0            132              0
0            133              0
0            134              0
0            135              0
0            136              0
0            137              0
0            138              0
0            139              0
0            140              0
0            141    0.000203411
0            142     0.00058261
0            143     0.00289609
0            144      0.0144458
0            145      0.0660933
0            146       0.239684
0            147       0.778362
0            148        2.18012
0            149        5.35081
0            150        11.7487
0            151        22.7485
0            152        38.3532
0            153        57.2494
0            154        76.9593
0            155        92.0748
0            156        97.7609
0            157         92.234
0            158        77.0586
0            159        58.0327
0            160        38.6478
0            161        23.0831
0            162         12.306
0            163        5.89703
0            164        2.52539
0            165       0.977239
0            166       0.338749
0            167       0.103717
0            168      0.0286724
0            169     0.00486985
0            170      0.0007417
0            171    3.24592e-05
0            172              0
0            173              0
0            174              0
0            175              0
0            176              0
0            177              0
0            178              0
0            179              0
0            180              0
0            181              0
0            182              0
0            183              0
0            184              0
0            185              0
0            186              0
0            187              0
0            188              0
0            189              0
0            190              0
0            191              0
0            192              0
0            193              0
0            194              0
0            195              0
0            196              0
0            197              0
0            198              0
0            199              0
0            200              0
0            201              0
0            202              0
0            203              0
0            204              0
0            205              0
0            206              0
0            207              0
0            208              0
0            209              0
0            210              0
0            211              0
0            212              0
0            213              0
0            214              0
0            215              0
0            216              0
0            217              0
0            218              0
0            219              0
0            220              0
0            221              0
0            222              0
0            223              0
0            224              0
0            225              0
0            226              0
0            227              0
0            228              0
0            229              0
0            230              0
0            231              0
0            232              0
0            233    2.61177e-05
0            234    0.000366934
0            235     0.00190774
0            236     0.00961047
0            237      0.0424261
0            238       0.152638
0            239       0.476937
0            240        1.30195
0            241        3.12366
0            242        6.48459
0            243        11.6711
0            244        18.2813
0            245         25.259
0            246        30.5216
0            247        32.5631
0            248        30.6034
0            249        25.1745
0            250        18.0284
0            251        11.4758
0            252         6.4587
0            253        3.17108
0            254        1.37696
0            255       0.516073
0            256       0.173512
0            257        0.05056
0            258      0.0128088
0            259     0.00268644
0            260    0.000305136
0            261    4.11253e-05
0            262              0
0            263              0
0            264              0
0            265              0
0            266              0
0            267              0
0            268              0
0            269              0
0            270              0
0            271              0
0            272              0
0            273              0
0            274              0
0            275              0
0            276              0
0            277              0
0            278              0
0            279              0
0            280              0
0            281              0
0            282              0
0            283              0
0            284              0
0            285              0
0            286              0
0            287              0
0            288              0
0            289              0
0            290              0
0            291              0
0            292              0
0            293              0
0            294              0
0            295              0
0            296              0
0            297              0
0            298              0
0            299              0
0            300              0
0            301              0
0            302              0
0            303              0
0            304              0
0            305              0
0            306              0
0            307              0
0            308              0
0            309              0
0            310              0
0            311              0
0            312              0
0            313              0
0            314              0
0            315              0
0            316              0
0            317              0
0            318              0
0            319              0
0            320              0
0            321              0
0            322              0
0            323              0
0            324    8.04052e-06
0            325    7.08719e-05
0            326    0.000593241
0            327     0.00273689
0            328       0.011156
0            329      0.0381499
0            330        0.12021
0            331       0.339555
0            332        0.83891
0            333        1.77777
0            334         3.2902
0            335        5.32775
0            336        7.51553
0            337        9.24482
0            338        9.91644
0            339        9.28119
0            340        7.57312
0            341        5.38718
0            342        3.30212
0            343        1.75852
0            344        0.81236
0            345       0.324718
0            346       0.115744
0            347       0.037775
0            348      0.0109846
0            349     0.00256275
0            350    0.000415343
0            351    4.81301e-05
0            352    1.20746e-06
0            353              0
0            354              0
0            355              0
0            356              0
0            357              0
0            358              0
0            359              0
0            360              0
0            361              0
0            362              0
0            363              0
0            364              0
0            365              0
0            366              0
0            367              0
0            368              0
0            369              0
0            370              0
0            371              0
0            372              0
0            373              0
0            374              0
0            375              0
0            376              0
0            377              0
0            378              0
0            379              0
0            380              0
0            381              0
0            382              0
0            383              0
0            384              0
0            385              0
0            386              0
0            387              0
0            388              0
0            389              0
0            390              0
0            391              0
0            392              0
0            393              0
0            394              0
0            395              0
0            396              0
0            397              0
0            398              0
0            399              0
0            400              0
0            401              0
0            402              0
0            403              0
0            404              0
0            405              0
0            406              0
0            407              0
0            408              0
0            409              0
0            410              0
0            411              0
0            412              0
0            413              0
0            414              0
0            415              0
0            416              0
0            417              0
0            418              0
0            419              0
0            420              0
0            421              0
0            422              0
0            423              0
0            424              0
0            425              0
0            426              0
0            427              0
0            428              0
0            429              0
0            430              0
0            431              0
0            432              0
0            433              0
0            434              0
0            435              0
0            436              0
0            437              0
0            438              0
0            439              0
0            440              0
0            441              0
0            442              0
0            443              0
0            444              0
0            445              0
0            446              0
0            447              0
0            448              0
0            449              0
0            450              0
0            451              0
0            452              0
0            453              0
0            454              0
0            455              0
0            456              0
0            457              0
0            458              0
0            459              0
0            460              0
0            461              0
0            462              0
0            463              0
0            464              0
0            465    4.41612e-07
0            466    1.71415e-06
0            467    5.51631e-06
0            468    1.09176e-05
0            469      2.842e-05
0            470    9.19631e-05
0            471    0.000273555
0            472    0.000656059
0            473     0.00141428
0            474     0.00280729
0            475     0.00537857
0            476      0.0100627
0            477      0.0183236
0            478      0.0323241
0            479      0.0552177
0            480      0.0913689
0            481       0.145741
0            482       0.224618
0            483       0.334585
0            484       0.483637
0            485        0.67497
0            486       0.910752
0            487        1.18776
0            488        1.49594
0            489        1.81658
0            490        2.12822
0            491        2.41029
0            492        2.63283
0            493        2.77681
0            494        2.82682
0            495         2.7786
0            496         2.6355
0            497        2.41421
0            498        2.13709
0            499        1.82556
0            500        1.50605
0            501        1.20104
0            502        0.92495
0            503       0.686471
0            504       0.492548
0            505       0.339763
0            506       0.224971
0            507       0.144114
0            508      0.0887173
0            509      0.0530768
0            510      0.0308072
0            511      0.0171664
0            512     0.00918159
0            513     0.00483267
0            514     0.00249694
0            515     0.00127785
0            516     0.00065616
0            517    0.000346638
0            518    0.000199886
0            519    0.000117182
0            520    6.32311e-05
0            521     2.6353e-05
0            522    6.54413e-06
0            523    8.06173e-07
0            524    1.56833e-08
0            525              0
0            526              0
0            527              0
0            528              0
0            529              0
0            530              0
0            531              0
0            532              0
0            533              0
0            534              0
0            535              0
0            536              0
0            537              0
0            538              0
0            539              0
0            540              0
0            541              0
0            542              0
0            543              0
0            544              0
0            545              0
0            546              0
0            547              0
0            548              0
0            549              0
0            550              0
0            551              0
0            552              0
0            553              0
0            554              0
0            555              0
0            556              0
0            557              0
0            558              0
0            559              0
0            560              0
0            561              0
0            562              0
0            563              0
0            564              0
0            565              0
0            566              0
0            567              0
0            568              0
0            569              0
0            570              0
0            571              0
0            572              0
0            573              0
0            574              0
0            575              0
0            576              0
0            577              0
0            578              0
0            579              0
0            580              0
0            581       0.557825
0            582       0.488286
0            583       0.429504
0            584       0.330457
0            585       0.168704
0            586      0.0463776
0            587      0.0043536
0            588    0.000471574
0            589              0
0            590        81.4419
0            591        75.1788
0            592         67.512
0            593        51.4563
0            594        24.6601
0            595        5.78685
0            596       0.889404
0            597      0.0949123
0            598     0.00576704
