0              0              0
0              1              0
0              2              0
0              3              0
0              4              0
0              5              0
0              6              0
0              7              0
0              8              0
0              9              0
0             10              0
0             11              0
0             12              0
0             13              0
0             14              0
0             15              0
0             16              0
0             17              0
0             18              0
0             19              0
0             20              0
0             21              0
0             22              0
0             23              0
0             24              0
0             25    0.000227371
0             26     0.00603111
0             27      0.0200343
0             28      0.0528023
0             29       0.148183
0             30       0.391697
0             31        0.80062
0             32         1.7037
0             33        3.72147
0             34        7.79993
0             35        15.0703
0             36         27.751
0             37         49.143
0             38        81.9978
0             39         128.27
0             40        187.005
0             41        252.591
0             42        322.645
0             43        378.785
0             44        416.805
0             45        427.013
0             46        411.104
0             47        372.337
0             48        320.269
0             49        254.553
0             50        190.968
0             51         131.16
0             52        83.0779
0             53        49.5375
0             54        27.5729
0             55         14.836
0             56         7.3515
0             57        3.28897
0             58        1.42635
0             59       0.537843
0             60       0.180866
0             61      0.0526768
0             62      0.0125831
0             63     0.00579065
0             64     0.00185419
0             65    0.000143111
0             66    8.49016e-06
0             67              0
0             68              0
0             69              0
0             70              0
0             71              0
0             72              0
0             73              0
0             74              0
0             75              0
0             76              0
0             77              0
0             78              0
0             79              0
0             80              0
0             81              0
0             82              0
0             83              0
0             84              0
0             85              0
0             86              0
0             87              0
0             88              0
0             89              0
0             90              0
0             91              0
0             92              0
0             93              0
0             94              0
0             95              0
0             96              0
0             97              0
0             98              0
0             99              0
0            100              0
0            101              0
0            102              0
0            103              0
0            104              0
0            105              0
0            106              0
0            107              0
0            108              0
0            109              0
0            110              0
0            111              0
0            112              0
0            113              0
0            114              0
0            115    5.86176e-06
0            116    0.000155692
0            117     0.00028942
0            118     0.00194995
0            119     0.00669788
0            120      0.0174872
0            121      0.0573816
0            122       0.174778
0            123       0.455557
0            124        1.02783
0            125        2.26188
0            126        4.89023
0            127         9.5663
0            128        16.9817
0            129        28.6844
0            130        45.4823
0            131        67.9389
0            132        94.9893
0            133        121.526
0            134        145.448
0            135        161.847
0            136        167.945
0            137        162.234
0            138        145.218
0            139         120.41
0            140        93.3696
0            141        67.0041
0            142        45.1753
0            143        28.4101
0            144        16.5028
0            145        9.09173
0            146        4.64789
0            147        2.19222
0            148        1.00266
0            149       0.435489
0            150       0.177723
0            151      0.0637069
0            152      0.0167869
0            153     0.00398689
0            154    0.000718341
0            155    0.000330973
0            156    0.000153806
0            157              0
0            158              0
0            159              0
0            160              0
0            161              0
0            162              0
0            163              0
0            164              0
0            165              0
0            166              0
0            167              0
0            168              0
0            169              0
0            170              0
0            171              0
0            172              0
0            173              0
0            174              0
0            175              0
0            176              0
0            177              0
0            178              0
0            179              0
0            180              0
0            181              0
0            182              0
0            183              0
0            184              0
0            185              0
0            186              0
0            187              0
0            188              0
0            189              0
0            190              0
0            191              0
0            192              0
0            193              0
0            194              0
0            195              0
0            196              0
0            197              0
0            198              0
0            199              0
0            200              0
0            201              0
0            202              0
0            203              0
0            204              0
0            205              0
0            206              0
0            207    7.88438e-06
0            208    0.000126036
0            209    0.000614929
0            210     0.00167094
0            211     0.00523076
0            212      0.0170632
0            213      0.0500902
0            214        0.12945
0            215         0.3145
0            216       0.700152
0            217        1.45558
0            218        2.87319
0            219         5.3547
0            220        9.24765
0            221        14.8359
0            222        22.1019
0            223        30.5755
0            224        39.3834
0            225        47.2411
0            226        52.8118
0            227        54.7346
0            228        52.4682
0            229         46.853
0            230        39.1517
0            231        30.4786
0            232        22.0732
0            233        14.7693
0            234        9.17221
0            235        5.34716
0            236        2.92226
0            237         1.4781
0            238       0.670868
0            239       0.286099
0            240       0.122006
0            241      0.0562178
0            242      0.0254622
0            243      0.0096162
0            244     0.00315072
0            245    0.000539185
0            246    2.44819e-05
0            247    1.56895e-07
0            248              0
0            249              0
0            250              0
0            251              0
0            252              0
0            253              0
0            254              0
0            255              0
0            256              0
0            257              0
0            258              0
0            259              0
0            260              0
0            261              0
0            262              0
0            263              0
0            264              0
0            265              0
0            266              0
0            267              0
0            268              0
0            269              0
0            270              0
0            271              0
0            272              0
0            273              0
0            274              0
0            275              0
0            276              0
0            277              0
0            278              0
0            279              0
0            280              0
0            281              0
0            282              0
0            283              0
0            284              0
0            285              0
0            286              0
0            287              0
0            288              0
0            289              0
0            290              0
0            291              0
0            292              0
0            293              0
0            294              0
0            295              0
0            296    6.09071e-07
0            297    1.77717e-06
0            298    3.81797e-06
0            299    8.66746e-06
0            300    4.74398e-05
0            301    0.000459985
0            302     0.00188222
0            303     0.00502618
0            304      0.0124138
0            305      0.0338219
0            306      0.0871441
0            307       0.200559
0            308        0.42209
0            309       0.827282
0            310        1.54362
0            311        2.69806
0            312        4.34196
0            313        6.47996
0            314        8.99901
0            315        11.6726
0            316        14.0801
0            317        15.7271
0            318        16.3263
0            319        15.7433
0            320        14.0942
0            321        11.7243
0            322        9.07498
0            323        6.52855
0            324        4.36102
0            325        2.70055
0            326        1.55151
0            327       0.826047
0            328       0.404186
0            329         0.1836
0            330      0.0779702
0            331      0.0311457
0            332      0.0117864
0            333     0.00415197
0            334     0.00109119
0            335    0.000190058
0            336    3.71799e-05
0            337    5.22845e-06
0            338    7.66902e-06
0            339    9.41435e-06
0            340    3.76008e-06
0            341              0
0            342              0
0            343              0
0            344              0
0            345              0
0            346              0
0            347              0
0            348              0
0            349              0
0            350              0
0            351              0
0            352              0
0            353              0
0            354              0
0            355              0
0            356              0
0            357              0
0            358              0
0            359              0
0            360              0
0            361              0
0            362              0
0            363              0
0            364              0
0            365              0
0            366              0
0            367              0
0            368              0
0            369              0
0            370              0
0            371              0
0            372              0
0            373              0
0            374              0
0            375              0
0            376              0
0            377              0
0            378              0
0            379              0
0            380              0
0            381              0
0            382              0
0            383              0
0            384              0
0            385              0
0            386              0
0            387              0
0            388              0
0            389              0
0            390              0
0            391              0
0            392              0
0            393              0
0            394              0
0            395              0
0            396              0
0            397              0
0            398              0
0            399              0
0            400              0
0            401              0
0            402              0
0            403              0
0            404              0
0            405              0
0            406              0
0            407    2.45755e-07
0            408    5.84931e-07
0            409    8.37291e-07
0            410    9.99804e-07
0            411    1.08131e-06
0            412    1.22364e-06
0            413    1.95981e-06
0            414    2.87404e-06
0            415    3.79978e-06
0            416     4.4674e-06
0            417    6.48914e-06
0            418    1.30045e-05
0            419    3.16799e-05
0            420    7.73059e-05
0            421    0.000166779
0            422    0.000340284
0            423    0.000666747
0            424      0.0012614
0            425     0.00225137
0            426     0.00382057
0            427     0.00624847
0            428      0.0100682
0            429      0.0159561
0            430      0.0247947
0            431      0.0380091
0            432      0.0573162
0            433      0.0846929
0            434       0.122566
0            435       0.173388
0            436        0.24168
0            437       0.330115
0            438       0.443397
0            439       0.585461
0            440       0.762755
0            441       0.973192
0            442        1.22239
0            443        1.50636
0            444        1.82186
0            445        2.16492
0            446        2.52499
0            447        2.89025
0            448        3.25067
0            449        3.59114
0            450        3.90039
0            451        4.16406
0            452         4.3687
0            453        4.49752
0            454        4.54232
0            455        4.49876
0            456        4.37446
0            457        4.17427
0            458        3.91194
0            459        3.59921
0            460        3.25183
0            461         2.8868
0            462        2.52075
0            463        2.16159
0            464        1.81838
0            465        1.50177
0            466        1.21649
0            467       0.967231
0            468       0.756805
0            469        0.57951
0            470       0.437176
0            471       0.323811
0            472       0.235684
0            473       0.168362
0            474       0.119045
0            475      0.0829867
0            476      0.0570804
0            477      0.0385707
0            478      0.0254668
0            479      0.0164766
0            480      0.0104725
0            481     0.00653173
0            482     0.00406979
0            483     0.00255106
0            484     0.00160114
0            485     0.00100924
0            486    0.000626364
0            487    0.000371386
0            488    0.000208118
0            489    0.000109467
0            490    5.16405e-05
0            491    1.86395e-05
0            492    4.87689e-06
0            493     1.5315e-06
0            494    9.79288e-07
0            495       5.36e-07
0            496    1.71167e-07
0            497    2.30202e-08
0            498              0
0            499              0
0            500              0
0            501              0
0            502              0
0            503              0
0            504              0
0            505              0
0            506              0
0            507              0
0            508              0
0            509              0
0            510              0
0            511              0
0            512              0
0            513              0
0            514              0
0            515              0
0            516              0
0            517              0
0            518              0
0            519              0
0            520              0
0            521              0
0            522              0
0            523              0
0            524              0
0            525              0
0            526              0
0            527              0
0            528              0
0            529              0
0            530              0
0            531              0
0            532              0
0            533              0
0            534              0
0            535              0
0            536              0
0            537              0
0            538              0
0            539              0
0            540              0
0            541              0
0            542              0
0            543              0
0            544              0
0            545     0.00538909
0            546     0.00516684
0            547     0.00402888
0            548     0.00302607
0            549    0.000367284
0            550              0
0            551              0
0            552              0
0            553              0
0            554        4.70066
0            555        4.08547
0            556        3.39787
0            557         2.1518
0            558       0.720694
0            559      0.0631543
0            560     0.00625783
0            561              0
0            562              0
0            563        138.892
0            564         125.23
0            565        108.444
0            566        75.2765
0            567        26.4744
0            568        2.64332
0            569       0.142661
0            570      0.0010515
0            571              0
0            572        136.529
0            573        123.128
0            574        106.879
0            575        73.4192
0            576        26.3292
0            577        2.72302
0            578       0.131189
0            579    0.000266746
0            580              0
0            581        4.54356
0            582        3.91108
0            583        3.26613
0            584        2.14874
0            585       0.706657
0            586      0.0668329
0            587     0.00310569
0            588              0
0            589              0
0            590     0.00119254
0            591     0.00127836
0            592     0.00153724
0            593      0.0025514
0            594    0.000329742
0            595              0
0            596              0
0            597              0
0            598              0
