0              0    3.73457e-38
0              1    9.20101e-36
0              2    2.85271e-33
0              3    5.95204e-31
0              4     1.3341e-28
0              5    2.04848e-26
0              6     2.5388e-24
0              7    2.86294e-22
0              8     2.5888e-20
0              9    2.11117e-18
0             10    1.26385e-16
0             11    6.16979e-15
0             12    2.77041e-13
0             13     1.1373e-11
0             14    3.67027e-10
0             15    7.99124e-09
0             16    1.52038e-07
0             17    2.17333e-06
0             18    2.32147e-05
0             19    0.000197914
0             20     0.00112001
0             21      0.0048347
0             22      0.0138832
0             23        0.02952
0             24      0.0413291
0             25       0.038214
0             26       0.025678
0             27      0.0164319
0             28      0.0267383
0             29      0.0769044
0             30       0.225518
0             31       0.645202
0             32        1.81977
0             33        4.44862
0             34         9.3754
0             35        17.6938
0             36        30.8729
0             37        51.7216
0             38        82.1985
0             39        124.844
0             40        179.648
0             41        245.255
0             42        321.102
0             43        385.991
0             44        431.858
0             45        446.342
0             46        432.221
0             47        390.735
0             48        331.845
0             49         257.37
0             50        187.073
0             51        126.979
0             52        81.1815
0             53        49.0448
0             54        27.8498
0             55        15.1991
0             56        7.55717
0             57        3.31544
0             58        1.34862
0             59       0.584305
0             60       0.311493
0             61       0.200621
0             62       0.133012
0             63       0.072054
0             64      0.0274325
0             65     0.00775053
0             66      0.0014111
0             67    0.000207092
0             68    1.79279e-05
0             69    1.35065e-06
0             70    7.33372e-08
0             71    3.40027e-09
0             72    1.16412e-10
0             73    3.97056e-12
0             74    1.12844e-13
0             75    2.66304e-15
0             76    5.80067e-17
0             77    8.31943e-19
0             78    9.40016e-21
0             79    9.58732e-23
0             80    9.01054e-25
0             81    6.85733e-27
0             82    3.80983e-29
0             83    2.01434e-31
0             84    8.85126e-34
0             85    3.83082e-36
0             86    1.43421e-38
0             87    3.90342e-41
0             88    1.28019e-43
0             89    2.92176e-46
0             90    8.73866e-49
0             91    1.88944e-75
0             92    4.27609e-71
0             93    6.93218e-67
0             94    1.05556e-62
0             95    1.16814e-58
0             96    1.19466e-54
0             97    8.91392e-51
0             98    5.41622e-47
0             99    2.64907e-43
0            100    8.35787e-40
0            101    2.08398e-36
0            102    4.41484e-33
0            103    5.29602e-30
0            104    4.31084e-27
0            105    2.53354e-24
0            106    1.04266e-21
0            107    2.52491e-19
0            108     3.6315e-17
0            109    3.78707e-15
0            110    3.17557e-13
0            111    2.67459e-11
0            112    1.72823e-09
0            113    6.89492e-08
0            114    1.21501e-06
0            115    1.14611e-05
0            116    5.03013e-05
0            117    0.000123273
0            118    0.000469542
0            119     0.00288827
0            120      0.0115028
0            121      0.0359556
0            122       0.125296
0            123       0.410514
0            124        1.05565
0            125        2.35276
0            126         5.0404
0            127        9.87515
0            128        17.2842
0            129        28.6529
0            130        45.6322
0            131        67.6289
0            132        94.0171
0            133        121.709
0            134        147.954
0            135        165.392
0            136        169.754
0            137        162.416
0            138        144.493
0            139        119.835
0            140        92.9552
0            141        66.1449
0            142        43.9489
0            143        26.9157
0            144        15.3259
0            145        8.46886
0            146        4.43268
0            147        2.20121
0            148        1.06324
0            149       0.460792
0            150       0.198365
0            151        0.10795
0            152      0.0697066
0            153      0.0429614
0            154       0.035751
0            155      0.0293413
0            156      0.0128088
0            157     0.00264932
0            158    0.000245749
0            159     1.2585e-05
0            160    2.88113e-07
0            161    3.62813e-09
0            162    2.46741e-11
0            163     9.2495e-14
0            164    1.93892e-16
0            165    2.56575e-19
0            166    1.97719e-22
0            167    9.02398e-26
0            168    3.60119e-29
0            169     4.1725e-32
0            170    7.20841e-35
0            171    7.36692e-38
0            172     4.7206e-41
0            173    1.97539e-44
0            174    4.25384e-48
0            175    6.05918e-52
0            176    5.79285e-56
0            177    2.84143e-60
0            178    1.25965e-64
0            179    2.87267e-69
0            180    4.54511e-74
0            181    4.88987e-79
0            182   6.60484e-163
0            183   1.85445e-154
0            184   5.28186e-146
0            185   9.11157e-138
0            186   1.23228e-129
0            187   1.66728e-121
0            188   2.35279e-113
0            189   2.71055e-105
0            190    6.15773e-97
0            191    1.56329e-88
0            192    1.91865e-80
0            193    1.05659e-72
0            194     2.5456e-65
0            195    3.15088e-58
0            196    1.52823e-51
0            197    2.93754e-45
0            198    2.17672e-39
0            199    5.45971e-34
0            200    7.39537e-29
0            201    5.28963e-24
0            202    2.33056e-19
0            203    3.09857e-15
0            204    1.10479e-11
0            205    1.16539e-08
0            206    2.59137e-06
0            207    0.000132601
0            208     0.00152263
0            209     0.00371072
0            210     0.00392816
0            211      0.0123036
0            212      0.0319648
0            213      0.0568347
0            214       0.101854
0            215        0.22588
0            216       0.523509
0            217        1.22315
0            218        2.60453
0            219        5.00204
0            220        8.46258
0            221        13.1836
0            222        20.2959
0            223         29.073
0            224        37.9212
0            225        46.1297
0            226        51.7602
0            227        54.0989
0            228        51.8359
0            229        46.6753
0            230         38.652
0            231        29.3858
0            232        20.5536
0            233        13.4676
0            234        8.30129
0            235        4.72198
0            236        2.41046
0            237        1.20767
0            238       0.584538
0            239       0.293777
0            240       0.161834
0            241      0.0710666
0            242      0.0287818
0            243      0.0106624
0            244     0.00475951
0            245     0.00459298
0            246     0.00394621
0            247    0.000988471
0            248    7.10817e-05
0            249    1.44378e-06
0            250     8.0311e-09
0            251    1.58225e-11
0            252    9.79067e-15
0            253    1.98208e-18
0            254    1.61239e-22
0            255     4.5599e-27
0            256     5.7833e-32
0            257    2.92288e-37
0            258    6.63841e-43
0            259    7.03741e-49
0            260    3.94013e-55
0            261     1.2596e-61
0            262    2.08235e-68
0            263    1.81088e-75
0            264     8.3873e-83
0            265    3.28002e-90
0            266    9.34964e-98
0            267   1.14041e-105
0            268   1.26951e-113
0            269   1.33482e-121
0            270    1.0269e-129
0            271   4.49001e-138
0            272   1.89732e-146
0            273   2.25458e-237
0            274   2.13457e-222
0            275   8.49294e-208
0            276   1.47633e-193
0            277   1.21115e-179
0            278   3.70104e-166
0            279   3.80136e-153
0            280   1.53677e-140
0            281    1.9921e-128
0            282   7.31934e-117
0            283   8.16853e-106
0            284    2.42631e-95
0            285    2.13171e-85
0            286    3.69442e-76
0            287    1.62022e-67
0            288    1.35621e-59
0            289    2.24694e-52
0            290    6.22258e-46
0            291    2.75491e-40
0            292    2.03625e-35
0            293    1.94674e-31
0            294    2.86486e-28
0            295    4.06296e-24
0            296     1.3616e-18
0            297    1.18991e-13
0            298    1.88928e-09
0            299    2.66729e-06
0            300    0.000287305
0            301     0.00202486
0            302     0.00101185
0            303     0.00167183
0            304     0.00721183
0            305       0.037821
0            306      0.0739216
0            307         0.1326
0            308       0.315165
0            309       0.678841
0            310        1.28673
0            311        2.36717
0            312         3.9089
0            313        5.77158
0            314        8.28972
0            315        11.0284
0            316        13.4144
0            317        15.1289
0            318        15.6798
0            319         15.014
0            320        13.2813
0            321        10.9835
0            322        8.32889
0            323        5.78305
0            324        3.76232
0            325         2.2751
0            326        1.22544
0            327       0.624977
0            328       0.326207
0            329        0.15711
0            330       0.067781
0            331      0.0409129
0            332      0.0159073
0            333     0.00533738
0            334     0.00144324
0            335      0.0026293
0            336     0.00157818
0            337    0.000293284
0            338    1.15871e-05
0            339    4.55545e-08
0            340    1.72422e-11
0            341    7.70896e-16
0            342    3.54325e-21
0            343    2.22085e-27
0            344    1.95588e-34
0            345    2.54643e-42
0            346    7.70142e-51
0            347    1.53307e-59
0            348    1.62184e-68
0            349     4.3326e-78
0            350    2.57344e-88
0            351    4.29682e-99
0            352   1.56065e-110
0            353   1.97021e-122
0            354    7.7557e-135
0            355    1.0403e-147
0            356   4.64803e-161
0            357    7.5026e-175
0            358   5.97536e-189
0            359    1.8083e-203
0            360   2.42952e-218
0            361   1.85537e-233
0            362    7.0808e-249
0            363   1.42889e-264
0            364              0
0            365              0
0            366              0
0            367              0
0            368              0
0            369              0
0            370              0
0            371              0
0            372              0
0            373              0
0            374              0
0            375              0
0            376              0
0            377   1.05508e-298
0            378   1.67339e-285
0            379    1.9638e-272
0            380   9.44151e-260
0            381   2.99684e-247
0            382   4.68359e-235
0            383     4.304e-223
0            384   1.64415e-211
0            385   4.04434e-200
0            386   5.34544e-189
0            387   3.20918e-178
0            388   9.93356e-168
0            389   1.41439e-157
0            390   8.92544e-148
0            391   2.41739e-138
0            392   2.73971e-129
0            393   1.16224e-120
0            394   2.27624e-112
0            395   1.56585e-104
0            396    4.36207e-97
0            397    1.31436e-89
0            398    9.59659e-81
0            399    3.78673e-72
0            400     5.0617e-64
0            401      2.549e-56
0            402    3.91221e-49
0            403    2.12689e-42
0            404    3.41106e-36
0            405    1.59023e-30
0            406    2.51645e-25
0            407     1.0638e-20
0            408    1.28611e-16
0            409    4.42759e-13
0            410     4.1053e-10
0            411    9.61281e-08
0            412     5.8388e-06
0            413    8.94062e-05
0            414    0.000329049
0            415    0.000289876
0            416    5.92649e-05
0            417    2.81771e-06
0            418    2.94696e-08
0            419    5.93499e-08
0            420      2.751e-06
0            421    5.02006e-05
0            422    0.000319211
0            423    0.000687933
0            424     0.00110927
0            425       0.002275
0            426     0.00427049
0            427     0.00854887
0            428      0.0145562
0            429      0.0162689
0            430        0.01961
0            431      0.0280826
0            432      0.0401471
0            433      0.0608762
0            434      0.0903299
0            435       0.128224
0            436       0.187079
0            437        0.26414
0            438       0.354892
0            439       0.471262
0            440       0.617742
0            441       0.794305
0            442        1.04051
0            443        1.33273
0            444        1.61166
0            445        1.92619
0            446        2.24545
0            447        2.59707
0            448        2.99845
0            449        3.38172
0            450        3.74193
0            451        4.00582
0            452         4.1575
0            453        4.24556
0            454        4.27038
0            455        4.27275
0            456        4.19463
0            457        4.02338
0            458        3.69087
0            459        3.28696
0            460        2.97236
0            461        2.66483
0            462        2.33137
0            463        1.96819
0            464        1.63123
0            465        1.34272
0            466        1.07329
0            467       0.820989
0            468        0.61828
0            469       0.464669
0            470       0.361828
0            471       0.285824
0            472       0.202034
0            473       0.138229
0            474      0.0985502
0            475      0.0683514
0            476      0.0439741
0            477      0.0279137
0            478      0.0182066
0            479      0.0123707
0            480     0.00814991
0            481     0.00377053
0            482      0.0030475
0            483     0.00305401
0            484     0.00185921
0            485    0.000769678
0            486    0.000380926
0            487     0.00024522
0            488    0.000241654
0            489    0.000114114
0            490    1.56247e-05
0            491    5.41427e-07
0            492    5.15928e-09
0            493    1.21103e-11
0            494    8.34486e-15
0            495    1.69059e-18
0            496    1.44894e-22
0            497    1.08478e-26
0            498    4.66112e-31
0            499    8.72093e-36
0            500    1.01015e-39
0            501    2.47808e-43
0            502    2.26796e-47
0            503    7.37897e-52
0            504    9.81407e-57
0            505    5.19043e-62
0            506    9.49129e-68
0            507    8.01946e-74
0            508    2.39454e-80
0            509    3.44303e-87
0            510    1.98262e-94
0            511   4.60579e-102
0            512   4.87259e-110
0            513   2.38709e-118
0            514    5.5028e-127
0            515   5.34217e-136
0            516   2.84755e-145
0            517   7.18964e-155
0            518   9.22963e-165
0            519   6.31734e-175
0            520   2.49678e-185
0            521   6.21569e-196
0            522   1.08098e-206
0            523   1.03201e-217
0            524   5.96857e-229
0            525   2.38801e-240
0            526   4.25463e-252
0            527   4.75269e-264
0            528   2.80062e-276
0            529   1.15905e-288
0            530   2.11548e-301
0            531              0
0            532              0
0            533              0
0            534              0
0            535              0
0            536              0
0            537              0
0            538              0
0            539              0
0            540              0
0            541              0
0            542              0
0            543              0
0            544              0
0            545      0.0411721
0            546      0.0203979
0            547     0.00117656
0            548    0.000830919
0            549      0.0167879
0            550    2.21843e-07
0            551    7.22944e-16
0            552    4.22743e-21
0            553    2.19049e-49
0            554        4.21028
0            555        3.93285
0            556        3.51325
0            557        2.54765
0            558        1.08259
0            559       0.073068
0            560    0.000127156
0            561    7.09018e-05
0            562    6.25818e-35
0            563        124.088
0            564        118.926
0            565        107.784
0            566        75.8554
0            567        27.4761
0            568        3.10293
0            569       0.155223
0            570     0.00102254
0            571     2.8543e-24
0            572        124.351
0            573        118.395
0            574        106.511
0            575        74.6017
0            576        27.9239
0            577        2.95891
0            578       0.160703
0            579    1.13441e-05
0            580    3.20253e-24
0            581        3.80992
0            582        3.57064
0            583        3.17112
0            584        2.13573
0            585       0.772201
0            586      0.0839963
0            587    0.000154914
0            588    6.73851e-11
0            589    6.14855e-31
0            590      0.0386434
0            591       0.038403
0            592      0.0370611
0            593      0.0346084
0            594     0.00116289
0            595     8.4114e-08
0            596    9.57044e-15
0            597    8.79215e-22
0            598    2.52697e-49
