0              0    1.15837e-95
0              1    1.79072e-94
0              2    3.96936e-93
0              3    9.18758e-92
0              4    2.39341e-90
0              5    6.59397e-89
0              6    1.79009e-87
0              7    6.36481e-86
0              8    2.47245e-84
0              9    1.50463e-82
0             10    1.30006e-80
0             11    1.23607e-78
0             12    1.65661e-76
0             13    2.96946e-74
0             14    4.88209e-72
0             15    6.35476e-70
0             16    1.06127e-67
0             17    1.60806e-65
0             18     2.7023e-63
0             19    5.68636e-61
0             20    9.52235e-59
0             21    1.62368e-56
0             22    2.70147e-54
0             23    6.15667e-52
0             24    8.36305e-50
0             25    1.68255e-47
0             26    2.32153e-45
0             27    4.15446e-43
0             28    7.65313e-41
0             29    2.64861e-38
0             30    1.11245e-35
0             31    4.16973e-33
0             32    1.78085e-30
0             33    5.47402e-28
0             34    1.25514e-25
0             35    2.16976e-23
0             36    2.71019e-21
0             37    3.46494e-19
0             38    3.28628e-17
0             39    2.19199e-15
0             40    1.09574e-13
0             41    3.87284e-12
0             42    1.25347e-10
0             43    2.34553e-09
0             44    3.93041e-08
0             45    4.35461e-07
0             46    3.62445e-06
0             47    2.76394e-05
0             48    0.000158906
0             49    0.000800654
0             50     0.00323099
0             51      0.0114153
0             52       0.039895
0             53       0.138243
0             54       0.478891
0             55        1.48115
0             56        4.11268
0             57        10.3454
0             58        23.3116
0             59        45.9113
0             60        77.7744
0             61        119.936
0             62         166.24
0             63        208.547
0             64        239.135
0             65        248.512
0             66        234.268
0             67        203.086
0             68        157.488
0             69        113.964
0             70        74.8109
0             71        46.0139
0             72        25.5882
0             73        13.4904
0             74         6.5646
0             75        2.95509
0             76        1.26618
0             77       0.478346
0             78        0.16598
0             79      0.0556335
0             80       0.018687
0             81     0.00641734
0             82     0.00225709
0             83      0.0008315
0             84    0.000297782
0             85    9.96843e-05
0             86    3.02006e-05
0             87    7.58827e-06
0             88    1.84507e-06
0             89     3.6462e-07
0             90    6.95347e-08
0             91   8.55562e-159
0             92   2.55204e-156
0             93   6.97931e-154
0             94   2.87994e-151
0             95   1.53584e-148
0             96   8.62388e-146
0             97   6.24136e-143
0             98   5.25854e-140
0             99   5.17809e-137
0            100    5.2906e-134
0            101    6.6628e-131
0            102   1.45779e-127
0            103    3.0423e-124
0            104   1.11505e-120
0            105   5.54199e-117
0            106   3.39531e-113
0            107    2.2112e-109
0            108   1.50321e-105
0            109   1.15096e-101
0            110     8.9974e-98
0            111    7.14129e-94
0            112     5.7185e-90
0            113    4.92184e-86
0            114    2.92393e-82
0            115    2.45085e-78
0            116    1.50729e-74
0            117    8.99031e-71
0            118    5.13865e-67
0            119    2.77787e-63
0            120    1.09287e-59
0            121    4.00907e-56
0            122    1.34974e-52
0            123    3.27658e-49
0            124     5.7719e-46
0            125    8.78671e-43
0            126    1.23468e-39
0            127    1.22571e-36
0            128    1.01435e-33
0            129    1.18935e-30
0            130    1.70359e-27
0            131    1.95022e-24
0            132    1.79586e-21
0            133    7.79155e-19
0            134    2.47933e-16
0            135    4.79578e-14
0            136    5.20467e-12
0            137    3.50294e-10
0            138    1.37138e-08
0            139    3.49966e-07
0            140    5.62639e-06
0            141    6.59123e-05
0            142    0.000558479
0            143     0.00380332
0            144      0.0215656
0            145      0.0957248
0            146       0.340299
0            147        1.00283
0            148        2.48521
0            149        5.61123
0            150        11.7754
0            151        22.4921
0            152        37.9397
0            153        56.6529
0            154        75.7555
0            155        90.0754
0            156        95.1806
0            157        89.4838
0            158        74.7626
0            159        56.6793
0            160        38.2176
0            161        23.3985
0            162        12.9525
0            163        6.49842
0            164        2.95586
0            165        1.23837
0            166       0.465332
0            167       0.155134
0            168      0.0481035
0            169      0.0159859
0            170     0.00732147
0            171     0.00434077
0            172     0.00235768
0            173    0.000991329
0            174     0.00029993
0            175    6.66791e-05
0            176    1.09785e-05
0            177    1.29339e-06
0            178    1.19191e-07
0            179    7.87183e-09
0            180    4.00171e-10
0            181    1.49838e-11
0            182   8.17671e-265
0            183   5.22899e-261
0            184   5.79238e-257
0            185   7.72718e-253
0            186   1.39629e-248
0            187   4.34875e-244
0            188   2.31716e-239
0            189   1.16128e-234
0            190   8.90564e-230
0            191   1.14884e-224
0            192   1.75972e-219
0            193   3.19191e-214
0            194   6.83071e-209
0            195   1.87627e-203
0            196   6.90601e-198
0            197   2.93295e-192
0            198   1.42544e-186
0            199   7.25368e-181
0            200   4.49597e-175
0            201   2.66422e-169
0            202   2.09195e-163
0            203   1.23337e-156
0            204   4.26348e-149
0            205   2.26305e-141
0            206   8.00676e-134
0            207   2.05614e-126
0            208   6.40062e-119
0            209    1.0124e-111
0            210   1.82791e-104
0            211     1.6553e-97
0            212     1.2497e-90
0            213    5.98363e-84
0            214    1.79557e-77
0            215    4.07586e-71
0            216    4.51651e-65
0            217    3.01275e-59
0            218    1.18826e-53
0            219    2.71797e-48
0            220    2.97271e-43
0            221    1.84039e-38
0            222    6.36953e-34
0            223    1.04118e-29
0            224    8.10586e-26
0            225    3.03201e-22
0            226    6.07338e-19
0            227    5.78666e-16
0            228    2.65783e-13
0            229     6.0072e-11
0            230    6.48891e-09
0            231    3.74461e-07
0            232    1.15399e-05
0            233     0.00018321
0            234     0.00142779
0            235     0.00619805
0            236      0.0207354
0            237      0.0666371
0            238       0.198599
0            239       0.525196
0            240        1.28848
0            241        2.89313
0            242        5.84606
0            243        10.6667
0            244        17.1777
0            245        24.0653
0            246         29.123
0            247        30.9598
0            248        28.9444
0            249        23.6768
0            250        16.9342
0            251        10.8813
0            252        6.20907
0            253        3.08701
0            254        1.38893
0            255       0.566883
0            256       0.219935
0            257      0.0813242
0            258      0.0293092
0            259     0.00962592
0            260     0.00249958
0            261    0.000456439
0            262    5.37645e-05
0            263     3.9876e-06
0            264    1.89673e-07
0            265    6.63032e-09
0            266    1.75587e-10
0            267    3.52434e-12
0            268    5.40739e-14
0            269     5.7879e-16
0            270    4.17121e-18
0            271    1.84305e-20
0            272    5.32614e-23
0            273              0
0            274              0
0            275              0
0            276              0
0            277              0
0            278              0
0            279              0
0            280              0
0            281              0
0            282              0
0            283              0
0            284              0
0            285              0
0            286              0
0            287              0
0            288              0
0            289              0
0            290   1.31728e-303
0            291   5.43576e-292
0            292    2.4769e-280
0            293   1.03715e-268
0            294    3.7235e-257
0            295   1.44049e-245
0            296   3.24557e-234
0            297    7.1238e-223
0            298   1.19964e-211
0            299   1.20036e-200
0            300   9.40475e-190
0            301   3.96653e-179
0            302    1.0539e-168
0            303   1.77091e-158
0            304   2.36388e-148
0            305   9.13461e-138
0            306   3.06359e-127
0            307   6.34425e-117
0            308   5.44472e-107
0            309    2.44935e-97
0            310    5.01755e-88
0            311    4.90392e-79
0            312    8.57599e-70
0            313    7.42264e-60
0            314    1.26042e-50
0            315    3.38736e-42
0            316    1.23683e-34
0            317    6.06373e-28
0            318     4.5859e-22
0            319    4.55397e-17
0            320    5.83353e-13
0            321    1.00343e-09
0            322    2.34638e-07
0            323     7.2986e-06
0            324    3.42663e-05
0            325    9.43033e-05
0            326    0.000491384
0            327     0.00200019
0            328     0.00868549
0            329      0.0316532
0            330       0.099819
0            331       0.267866
0            332       0.685058
0            333        1.51788
0            334        2.96117
0            335        4.98996
0            336        7.15076
0            337        8.84707
0            338        9.37106
0            339        8.55539
0            340        6.84112
0            341         4.8389
0            342        3.00676
0            343        1.60384
0            344       0.732937
0            345       0.291474
0            346       0.115663
0            347      0.0430116
0            348      0.0114172
0            349      0.0025456
0            350    0.000675467
0            351    0.000128609
0            352    1.11887e-05
0            353    4.44758e-07
0            354    9.44663e-09
0            355    1.48957e-10
0            356    1.73905e-12
0            357    1.18786e-14
0            358    3.96314e-17
0            359    6.29701e-20
0            360    4.98916e-23
0            361    2.65932e-26
0            362    1.13366e-29
0            363    2.27954e-33
0            364              0
0            365              0
0            366              0
0            367              0
0            368              0
0            369              0
0            370              0
0            371              0
0            372              0
0            373              0
0            374              0
0            375              0
0            376              0
0            377              0
0            378              0
0            379              0
0            380              0
0            381              0
0            382              0
0            383              0
0            384              0
0            385              0
0            386              0
0            387              0
0            388              0
0            389              0
0            390              0
0            391              0
0            392              0
0            393              0
0            394              0
0            395              0
0            396              0
0            397              0
0            398              0
0            399              0
0            400              0
0            401              0
0            402              0
0            403              0
0            404              0
0            405              0
0            406              0
0            407              0
0            408              0
0            409              0
0            410              0
0            411              0
0            412              0
0            413              0
0            414              0
0            415              0
0            416              0
0            417   3.84002e-305
0            418   7.34316e-296
0            419   9.13888e-287
0            420    1.0024e-277
0            421   9.60104e-269
0            422   6.88722e-260
0            423    3.6908e-251
0            424   1.47357e-242
0            425   5.00953e-234
0            426   1.09756e-225
0            427   1.94594e-217
0            428   2.52814e-209
0            429   2.39774e-201
0            430   1.65354e-193
0            431   8.25727e-186
0            432   2.86696e-178
0            433   7.41334e-171
0            434   1.32214e-163
0            435   1.45212e-156
0            436   1.26593e-149
0            437    7.0133e-143
0            438   2.74367e-136
0            439   6.61448e-130
0            440   1.23878e-123
0            441   1.34727e-117
0            442   1.10379e-111
0            443   5.88675e-106
0            444   2.03359e-100
0            445    6.11816e-95
0            446    5.99555e-89
0            447    1.77437e-82
0            448    4.57033e-76
0            449    2.99268e-69
0            450    2.72688e-62
0            451    1.11526e-55
0            452     1.9913e-49
0            453    1.25508e-43
0            454    3.43364e-38
0            455    3.64051e-33
0            456    1.41048e-28
0            457    2.29009e-24
0            458    1.35697e-20
0            459    3.19083e-17
0            460    2.96991e-14
0            461    1.07757e-11
0            462    1.47445e-09
0            463    7.93208e-08
0            464    1.70817e-06
0            465    1.40528e-05
0            466    4.60455e-05
0            467    5.99574e-05
0            468    3.55022e-05
0            469    2.35285e-05
0            470    7.07469e-05
0            471     0.00026034
0            472    0.000664005
0            473     0.00124008
0            474      0.0021037
0            475     0.00394946
0            476     0.00753358
0            477      0.0133974
0            478      0.0231918
0            479       0.040343
0            480      0.0691102
0            481        0.11443
0            482       0.182367
0            483         0.2801
0            484       0.415578
0            485       0.591744
0            486       0.814578
0            487        1.08466
0            488        1.39096
0            489        1.70615
0            490        1.99727
0            491        2.25088
0            492        2.46648
0            493        2.62182
0            494        2.67691
0            495        2.63328
0            496        2.50131
0            497        2.28027
0            498        1.98624
0            499        1.65937
0            500        1.33875
0            501        1.04531
0            502       0.789356
0            503       0.577023
0            504       0.412805
0            505       0.287896
0            506       0.193613
0            507       0.126618
0            508      0.0803329
0            509      0.0488719
0            510      0.0280602
0            511      0.0155667
0            512     0.00851268
0            513     0.00454229
0            514     0.00233416
0            515     0.00113134
0            516     0.00054145
0            517    0.000262396
0            518    0.000112889
0            519    3.64119e-05
0            520    8.03338e-06
0            521    1.16761e-06
0            522    1.11653e-07
0            523    6.93436e-09
0            524     2.9799e-10
0            525    1.02762e-11
0            526    3.37401e-13
0            527    1.21141e-14
0            528    3.86784e-16
0            529    9.52741e-18
0            530    1.61769e-19
0            531    2.05305e-21
0            532    1.75476e-23
0            533    1.08738e-25
0            534    4.90272e-28
0            535    1.55295e-30
0            536    3.60067e-33
0            537    6.14841e-36
0            538    7.38359e-39
0            539    6.54215e-42
0            540     4.2955e-45
0            541    2.09622e-48
0            542    7.17436e-52
0            543    1.93176e-55
0            544    3.64759e-59
0            545    6.38431e-65
0            546    4.54621e-65
0            547    3.43204e-65
0            548    3.24229e-66
0            549    2.96881e-69
0            550    4.55751e-56
0            551    1.43124e-61
0            552    1.69687e-63
0            553    7.76564e-84
0            554    7.17019e-41
0            555    5.10802e-41
0            556    3.85828e-41
0            557    3.79145e-42
0            558    9.29354e-44
0            559    8.32832e-34
0            560    9.60742e-43
0            561     7.5357e-47
0            562    4.39072e-58
0            563    4.38079e-20
0            564    4.65533e-20
0            565    3.92683e-20
0            566     3.7164e-20
0            567    2.29578e-20
0            568    6.52307e-17
0            569    7.52643e-26
0            570    4.27843e-27
0            571    1.49496e-35
0            572     1.2919e-06
0            573    1.34139e-06
0            574    1.45294e-06
0            575    1.36985e-06
0            576    4.36897e-07
0            577    3.25355e-07
0            578    4.15815e-11
0            579    1.25611e-12
0            580    7.17901e-19
0            581       0.669207
0            582       0.636708
0            583       0.586034
0            584       0.465471
0            585       0.199297
0            586      0.0403437
0            587     0.00278058
0            588     0.00033479
0            589     9.4814e-08
0            590         74.879
0            591        71.9323
0            592        66.6802
0            593        51.6463
0            594        25.6024
0            595        6.25361
0            596       0.986536
0            597       0.129471
0            598     0.00118388
