0              0              0
0              1              0
0              2              0
0              3              0
0              4              0
0              5              0
0              6              0
0              7              0
0              8              0
0              9              0
0             10              0
0             11              0
0             12              0
0             13              0
0             14              0
0             15              0
0             16              0
0             17              0
0             18              0
0             19              0
0             20              0
0             21              0
0             22              0
0             23              0
0             24     0.00157315
0             25     0.00817637
0             26      0.0277919
0             27      0.0957243
0             28       0.239273
0             29       0.576531
0             30        1.18623
0             31        2.08343
0             32        3.78306
0             33        7.02478
0             34        12.9072
0             35        22.9406
0             36        38.7973
0             37        63.7657
0             38        97.6784
0             39        141.897
0             40        195.431
0             41        255.408
0             42        319.641
0             43        372.769
0             44        411.897
0             45        426.457
0             46        414.588
0             47        377.108
0             48        325.691
0             49        260.073
0             50        196.339
0             51        139.295
0             52        94.7871
0             53        61.8336
0             54        38.0064
0             55        22.5025
0             56        12.5781
0             57        6.40298
0             58        2.97355
0             59        1.24193
0             60       0.446525
0             61       0.151874
0             62        0.04642
0             63      0.0131497
0             64     0.00539264
0             65     0.00305377
0             66     0.00162817
0             67    0.000877157
0             68    0.000296922
0             69              0
0             70              0
0             71              0
0             72              0
0             73              0
0             74              0
0             75              0
0             76              0
0             77              0
0             78              0
0             79              0
0             80              0
0             81              0
0             82              0
0             83              0
0             84              0
0             85              0
0             86              0
0             87              0
0             88              0
0             89              0
0             90              0
0             91              0
0             92              0
0             93              0
0             94              0
0             95              0
0             96              0
0             97              0
0             98              0
0             99              0
0            100              0
0            101              0
0            102              0
0            103              0
0            104              0
0            105              0
0            106              0
0            107              0
0            108              0
0            109              0
0            110              0
0            111              0
0            112              0
0            113              0
0            114    0.000965916
0            115     0.00604284
0            116       0.011429
0            117      0.0221745
0            118      0.0377875
0            119      0.0589526
0            120       0.109517
0            121       0.255149
0            122       0.540803
0            123        1.16426
0            124        2.30834
0            125        4.46724
0            126        8.19074
0            127        14.0456
0            128        22.8654
0            129        35.6831
0            130        52.3453
0            131         72.843
0            132        96.7746
0            133        120.337
0            134        141.829
0            135        157.068
0            136        162.049
0            137        156.821
0            138        142.208
0            139        121.433
0            140        98.5062
0            141        75.0796
0            142        54.3205
0            143        36.9669
0            144        23.6993
0            145        14.4164
0            146         8.2478
0            147         4.4882
0            148        2.32284
0            149        1.17127
0            150       0.589144
0            151       0.281785
0            152       0.136228
0            153      0.0709461
0            154      0.0279846
0            155     0.00972392
0            156     0.00499881
0            157     0.00501783
0            158       0.004725
0            159     0.00475852
0            160     0.00432025
0            161     0.00338828
0            162     0.00194379
0            163              0
0            164              0
0            165              0
0            166              0
0            167              0
0            168              0
0            169              0
0            170              0
0            171              0
0            172              0
0            173              0
0            174              0
0            175              0
0            176              0
0            177              0
0            178              0
0            179              0
0            180              0
0            181              0
0            182              0
0            183              0
0            184              0
0            185              0
0            186              0
0            187              0
0            188              0
0            189              0
0            190              0
0            191              0
0            192              0
0            193              0
0            194              0
0            195              0
0            196              0
0            197              0
0            198              0
0            199              0
0            200              0
0            201              0
0            202              0
0            203              0
0            204    8.48197e-05
0            205    0.000444336
0            206     0.00102204
0            207     0.00172711
0            208     0.00370351
0            209     0.00766645
0            210      0.0159531
0            211      0.0374187
0            212      0.0829322
0            213       0.174942
0            214       0.366215
0            215       0.731242
0            216        1.38498
0            217        2.52935
0            218         4.4141
0            219        7.31849
0            220        11.3749
0            221        16.7842
0            222        23.4924
0            223        31.0071
0            224        38.5495
0            225        45.0029
0            226        49.4633
0            227        51.0851
0            228        49.4614
0            229        45.0379
0            230        38.6295
0            231        31.1552
0            232        23.6225
0            233        16.7488
0            234        11.2498
0            235        7.18913
0            236        4.33234
0            237        2.50448
0            238        1.39052
0            239       0.743102
0            240        0.37427
0            241        0.17917
0            242      0.0815022
0            243      0.0325578
0            244      0.0127317
0            245     0.00602593
0            246     0.00376209
0            247     0.00202356
0            248    0.000921947
0            249    0.000118747
0            250              0
0            251              0
0            252              0
0            253              0
0            254              0
0            255              0
0            256              0
0            257              0
0            258              0
0            259              0
0            260              0
0            261              0
0            262              0
0            263              0
0            264              0
0            265              0
0            266              0
0            267              0
0            268              0
0            269              0
0            270              0
0            271              0
0            272              0
0            273              0
0            274              0
0            275              0
0            276              0
0            277              0
0            278              0
0            279              0
0            280              0
0            281              0
0            282              0
0            283              0
0            284              0
0            285              0
0            286              0
0            287              0
0            288              0
0            289              0
0            290              0
0            291              0
0            292              0
0            293    5.76342e-08
0            294    3.08241e-07
0            295    7.75437e-06
0            296    0.000111514
0            297    0.000234123
0            298    0.000662673
0            299     0.00148835
0            300     0.00278072
0            301     0.00564608
0            302      0.0120397
0            303       0.026072
0            304      0.0550109
0            305       0.114558
0            306       0.226124
0            307       0.428722
0            308       0.770655
0            309         1.3188
0            310        2.14863
0            311        3.32305
0            312        4.88297
0            313        6.77921
0            314        8.87269
0            315        10.9442
0            316        12.7205
0            317        13.9412
0            318        14.3985
0            319         13.983
0            320        12.7984
0            321        11.0154
0            322        8.92187
0            323        6.81946
0            324        4.91308
0            325        3.33624
0            326        2.13713
0            327        1.29754
0            328       0.753015
0            329       0.412613
0            330       0.215241
0            331       0.107941
0            332      0.0518942
0            333      0.0247386
0            334      0.0117812
0            335     0.00544263
0            336     0.00248878
0            337      0.0010082
0            338     0.00030261
0            339     7.4841e-05
0            340     1.9878e-05
0            341     6.3038e-07
0            342              0
0            343              0
0            344              0
0            345              0
0            346              0
0            347              0
0            348              0
0            349              0
0            350              0
0            351              0
0            352              0
0            353              0
0            354              0
0            355              0
0            356              0
0            357              0
0            358              0
0            359              0
0            360              0
0            361              0
0            362              0
0            363              0
0            364              0
0            365              0
0            366              0
0            367              0
0            368              0
0            369              0
0            370              0
0            371              0
0            372              0
0            373              0
0            374              0
0            375              0
0            376              0
0            377              0
0            378              0
0            379              0
0            380              0
0            381              0
0            382              0
0            383              0
0            384              0
0            385              0
0            386              0
0            387              0
0            388              0
0            389              0
0            390              0
0            391              0
0            392              0
0            393              0
0            394              0
0            395              0
0            396              0
0            397              0
0            398              0
0            399              0
0            400              0
0            401              0
0            402              0
0            403    6.56023e-07
0            404    2.12011e-06
0            405    3.64786e-06
0            406    5.47306e-06
0            407    7.85423e-06
0            408     1.0961e-05
0            409    1.66857e-05
0            410    3.05935e-05
0            411    4.79922e-05
0            412     7.4075e-05
0            413    0.000122183
0            414    0.000183497
0            415    0.000265449
0            416    0.000384539
0            417      0.0005568
0            418    0.000836894
0            419     0.00126496
0            420      0.0018859
0            421     0.00279325
0            422     0.00407359
0            423     0.00584848
0            424     0.00834248
0            425      0.0119117
0            426       0.016984
0            427      0.0241297
0            428      0.0339395
0            429      0.0472839
0            430      0.0652975
0            431      0.0892202
0            432       0.120871
0            433       0.162594
0            434       0.216466
0            435        0.28456
0            436       0.370651
0            437       0.476297
0            438       0.604024
0            439       0.754328
0            440        0.93034
0            441        1.12896
0            442        1.35407
0            443        1.60105
0            444        1.86491
0            445        2.14244
0            446        2.42555
0            447        2.70588
0            448        2.97691
0            449        3.22928
0            450        3.45319
0            451        3.63959
0            452         3.7803
0            453        3.86625
0            454        3.89616
0            455         3.8676
0            456        3.78381
0            457        3.64488
0            458        3.46019
0            459         3.2368
0            460        2.98367
0            461        2.71042
0            462        2.42763
0            463        2.14244
0            464        1.86315
0            465        1.59828
0            466        1.35177
0            467        1.12693
0            468       0.928483
0            469         0.7528
0            470        0.60353
0            471       0.476923
0            472       0.372433
0            473       0.286171
0            474       0.217495
0            475       0.162933
0            476       0.120586
0            477      0.0879748
0            478      0.0635089
0            479      0.0455166
0            480      0.0324319
0            481      0.0230235
0            482      0.0162562
0            483      0.0114447
0            484     0.00794399
0            485     0.00555383
0            486     0.00389366
0            487     0.00268214
0            488     0.00181657
0            489     0.00123736
0            490    0.000819015
0            491    0.000533725
0            492    0.000344835
0            493    0.000221601
0            494    0.000134126
0            495    8.36393e-05
0            496    6.08668e-05
0            497     4.1996e-05
0            498    2.85638e-05
0            499      1.763e-05
0            500    1.35752e-05
0            501      1.071e-05
0            502    7.80286e-06
0            503     5.2616e-06
0            504    3.56526e-06
0            505    2.07902e-06
0            506    3.99293e-07
0            507              0
0            508              0
0            509              0
0            510              0
0            511              0
0            512              0
0            513              0
0            514              0
0            515              0
0            516              0
0            517              0
0            518              0
0            519              0
0            520              0
0            521              0
0            522              0
0            523              0
0            524              0
0            525              0
0            526              0
0            527              0
0            528              0
0            529              0
0            530              0
0            531              0
0            532              0
0            533              0
0            534              0
0            535              0
0            536              0
0            537              0
0            538              0
0            539              0
0            540              0
0            541              0
0            542              0
0            543              0
0            544              0
0            545      0.0525344
0            546      0.0551776
0            547      0.0463821
0            548      0.0229153
0            549     0.00319873
0            550              0
0            551              0
0            552              0
0            553              0
0            554        8.30692
0            555        7.51147
0            556        6.16326
0            557        3.61764
0            558         1.1247
0            559      0.0924517
0            560              0
0            561              0
0            562              0
0            563        129.945
0            564        122.824
0            565        108.636
0            566         74.612
0            567        26.8246
0            568        2.08612
0            569      0.0811156
0            570              0
0            571              0
0            572        132.172
0            573        124.708
0            574        110.101
0            575        74.6066
0            576        26.1315
0            577        2.83995
0            578       0.101649
0            579              0
0            580              0
0            581        7.98079
0            582        7.32298
0            583        6.18584
0            584        3.83519
0            585        1.15296
0            586       0.075602
0            587     0.00128067
0            588              0
0            589              0
0            590      0.0511971
0            591      0.0538782
0            592      0.0464721
0            593      0.0231997
0            594     0.00398439
0            595              0
0            596              0
0            597              0
0            598              0
