0              0              0
0              1              0
0              2              0
0              3              0
0              4              0
0              5              0
0              6              0
0              7              0
0              8              0
0              9              0
0             10              0
0             11              0
0             12              0
0             13              0
0             14              0
0             15              0
0             16              0
0             17              0
0             18              0
0             19              0
0             20              0
0             21              0
0             22              0
0             23              0
0             24              0
0             25              0
0             26              0
0             27              0
0             28              0
0             29              0
0             30              0
0             31              0
0             32              0
0             33              0
0             34              0
0             35              0
0             36              0
0             37              0
0             38              0
0             39              0
0             40              0
0             41              0
0             42              0
0             43              0
0             44              0
0             45              0
0             46    0.000401151
0             47     0.00434518
0             48     0.00778942
0             49      0.0188939
0             50       0.036291
0             51      0.0889689
0             52       0.228664
0             53       0.590066
0             54        1.67388
0             55         4.1884
0             56        9.09923
0             57        17.7263
0             58        33.0576
0             59        56.3058
0             60        86.1133
0             61        123.212
0             62        163.263
0             63        199.582
0             64        226.709
0             65        236.206
0             66        226.661
0             67        202.201
0             68         163.42
0             69          124.3
0             70        86.9559
0             71        57.0633
0             72        33.7856
0             73        18.8101
0             74        9.64803
0             75        4.53468
0             76        2.08847
0             77       0.816005
0             78       0.289629
0             79       0.100672
0             80      0.0445676
0             81      0.0195614
0             82     0.00551897
0             83     0.00166508
0             84    0.000671473
0             85              0
0             86              0
0             87              0
0             88              0
0             89              0
0             90              0
0             91              0
0             92              0
0             93              0
0             94              0
0             95              0
0             96              0
0             97              0
0             98              0
0             99              0
0            100              0
0            101              0
0            102              0
0            103              0
0            104              0
0            105              0
0            106              0
0            107              0
0            108              0
0            109              0
0            110              0
0            111              0
0            112              0
0            113              0
0            114              0
0            115              0
0            116              0
0            117              0
0            118              0
0            119              0
0            120              0
0            121              0
0            122              0
0            123              0
0            124              0
0            125              0
0            126              0
0            127              0
0            128              0
0            129              0
0            130              0
0            131              0
0            132              0
0            133              0
0            134              0
0            135              0
0            136              0
0            137              0
0            138              0
0            139              0
0            140     0.00131209
0            141     0.00415043
0            142       0.019807
0            143      0.0549216
0            144       0.134358
0            145       0.336544
0            146        0.87026
0            147        2.15945
0            148         4.7396
0            149        9.29104
0            150        17.0238
0            151        28.7441
0            152        43.5651
0            153        60.0288
0            154        75.5647
0            155        86.3086
0            156        90.0687
0            157        86.2115
0            158         75.221
0            159        60.4165
0            160        43.4715
0            161        28.5175
0            162        16.9476
0            163         9.0512
0            164        4.32509
0            165        1.91912
0            166       0.787003
0            167       0.302301
0            168       0.112496
0            169      0.0463508
0            170      0.0202162
0            171     0.00590595
0            172     0.00081334
0            173              0
0            174              0
0            175              0
0            176              0
0            177              0
0            178              0
0            179              0
0            180              0
0            181              0
0            182              0
0            183              0
0            184              0
0            185              0
0            186              0
0            187              0
0            188              0
0            189              0
0            190              0
0            191              0
0            192              0
0            193              0
0            194              0
0            195              0
0            196              0
0            197              0
0            198              0
0            199              0
0            200              0
0            201              0
0            202              0
0            203              0
0            204              0
0            205              0
0            206              0
0            207              0
0            208              0
0            209              0
0            210              0
0            211              0
0            212              0
0            213              0
0            214              0
0            215              0
0            216              0
0            217              0
0            218              0
0            219              0
0            220              0
0            221              0
0            222              0
0            223              0
0            224              0
0            225              0
0            226              0
0            227              0
0            228              0
0            229              0
0            230              0
0            231    6.53848e-05
0            232    0.000732728
0            233     0.00231442
0            234     0.00564185
0            235      0.0176691
0            236       0.059579
0            237       0.177181
0            238       0.461213
0            239        1.09284
0            240        2.37695
0            241        4.64731
0            242        8.19633
0            243        13.0053
0            244        18.4992
0            245        23.8293
0            246        27.5798
0            247        28.8712
0            248        27.3791
0            249        23.4735
0            250        18.1492
0            251        12.7185
0            252        8.01628
0            253        4.51878
0            254        2.35232
0            255        1.12128
0            256       0.497835
0            257        0.20332
0            258      0.0767888
0            259      0.0260191
0            260     0.00929373
0            261     0.00262322
0            262    0.000522926
0            263     5.3614e-05
0            264              0
0            265              0
0            266              0
0            267              0
0            268              0
0            269              0
0            270              0
0            271              0
0            272              0
0            273              0
0            274              0
0            275              0
0            276              0
0            277              0
0            278              0
0            279              0
0            280              0
0            281              0
0            282              0
0            283              0
0            284              0
0            285              0
0            286              0
0            287              0
0            288              0
0            289              0
0            290              0
0            291              0
0            292              0
0            293              0
0            294              0
0            295              0
0            296              0
0            297              0
0            298              0
0            299              0
0            300              0
0            301              0
0            302              0
0            303              0
0            304              0
0            305              0
0            306              0
0            307              0
0            308              0
0            309              0
0            310              0
0            311              0
0            312              0
0            313              0
0            314              0
0            315              0
0            316              0
0            317              0
0            318              0
0            319              0
0            320              0
0            321              0
0            322    4.63591e-05
0            323    9.61633e-05
0            324    0.000236239
0            325     0.00126431
0            326     0.00440787
0            327       0.014074
0            328       0.042023
0            329       0.115564
0            330       0.286186
0            331       0.623387
0            332        1.23742
0            333         2.2187
0            334        3.60508
0            335        5.24589
0            336        6.85673
0            337        8.07515
0            338        8.54827
0            339        8.11807
0            340        6.92465
0            341        5.32022
0            342        3.64828
0            343        2.24477
0            344        1.24553
0            345       0.618634
0            346        0.27718
0            347        0.10807
0            348      0.0380881
0            349       0.013173
0            350     0.00511056
0            351     0.00207289
0            352    0.000688001
0            353    0.000198629
0            354    4.54795e-05
0            355    1.75392e-05
0            356              0
0            357              0
0            358              0
0            359              0
0            360              0
0            361              0
0            362              0
0            363              0
0            364              0
0            365              0
0            366              0
0            367              0
0            368              0
0            369              0
0            370              0
0            371              0
0            372              0
0            373              0
0            374              0
0            375              0
0            376              0
0            377              0
0            378              0
0            379              0
0            380              0
0            381              0
0            382              0
0            383              0
0            384              0
0            385              0
0            386              0
0            387              0
0            388              0
0            389              0
0            390              0
0            391              0
0            392              0
0            393              0
0            394              0
0            395              0
0            396              0
0            397              0
0            398              0
0            399              0
0            400              0
0            401              0
0            402              0
0            403              0
0            404              0
0            405              0
0            406              0
0            407              0
0            408              0
0            409              0
0            410              0
0            411              0
0            412              0
0            413              0
0            414              0
0            415              0
0            416              0
0            417              0
0            418              0
0            419              0
0            420              0
0            421              0
0            422              0
0            423              0
0            424              0
0            425              0
0            426              0
0            427              0
0            428              0
0            429              0
0            430              0
0            431              0
0            432              0
0            433              0
0            434              0
0            435              0
0            436              0
0            437              0
0            438              0
0            439              0
0            440              0
0            441              0
0            442              0
0            443              0
0            444              0
0            445              0
0            446              0
0            447              0
0            448              0
0            449              0
0            450              0
0            451              0
0            452              0
0            453              0
0            454              0
0            455    1.04942e-06
0            456    2.48058e-06
0            457    3.62224e-06
0            458     4.4573e-06
0            459    4.99139e-06
0            460    7.45089e-06
0            461    1.30581e-05
0            462    2.52772e-05
0            463    5.95265e-05
0            464    8.83095e-05
0            465    0.000121103
0            466    0.000168669
0            467    0.000247108
0            468    0.000408651
0            469    0.000730215
0            470      0.0013391
0            471     0.00239071
0            472     0.00409568
0            473     0.00695608
0            474      0.0114954
0            475      0.0187312
0            476       0.030187
0            477       0.047862
0            478      0.0745233
0            479       0.113751
0            480       0.169206
0            481       0.245162
0            482       0.345057
0            483       0.471394
0            484       0.626758
0            485       0.810474
0            486         1.0192
0            487        1.24744
0            488        1.48523
0            489        1.71857
0            490        1.93509
0            491        2.12283
0            492        2.26721
0            493         2.3593
0            494        2.39084
0            495        2.35933
0            496        2.26736
0            497        2.12257
0            498        1.93468
0            499         1.7151
0            500          1.478
0            501        1.24025
0            502        1.01236
0            503        0.80204
0            504       0.619007
0            505       0.464179
0            506       0.337612
0            507       0.240053
0            508       0.166268
0            509       0.112447
0            510      0.0743604
0            511      0.0481483
0            512      0.0301493
0            513      0.0183996
0            514      0.0110506
0            515     0.00650752
0            516     0.00384837
0            517     0.00223399
0            518      0.0012557
0            519    0.000739965
0            520    0.000426449
0            521    0.000232965
0            522     9.9213e-05
0            523    3.25505e-05
0            524    1.61244e-05
0            525    6.47383e-06
0            526     4.3151e-06
0            527    2.23325e-06
0            528    1.01131e-06
0            529              0
0            530              0
0            531              0
0            532              0
0            533              0
0            534              0
0            535              0
0            536              0
0            537              0
0            538              0
0            539              0
0            540              0
0            541              0
0            542              0
0            543              0
0            544              0
0            545              0
0            546              0
0            547              0
0            548              0
0            549              0
0            550              0
0            551              0
0            552              0
0            553              0
0            554              0
0            555              0
0            556              0
0            557              0
0            558              0
0            559              0
0            560              0
0            561              0
0            562              0
0            563              0
0            564              0
0            565              0
0            566              0
0            567              0
0            568              0
0            569              0
0            570              0
0            571              0
0            572      0.0010788
0            573     0.00090219
0            574    0.000607834
0            575    5.37604e-05
0            576              0
0            577              0
0            578              0
0            579              0
0            580              0
0            581        1.72998
0            582        1.58874
0            583        1.36264
0            584       0.910273
0            585       0.337404
0            586      0.0663516
0            587     0.00373711
0            588              0
0            589              0
0            590        76.8709
0            591         73.976
0            592        68.3019
0            593        51.6776
0            594        25.1035
0            595        5.47914
0            596       0.878004
0            597       0.118548
0            598    1.43813e-06
