0              0      0.0854334
0              1      0.0901633
0              2      0.0954866
0              3       0.100891
0              4       0.107462
0              5       0.115259
0              6       0.133447
0              7       0.202129
0              8       0.354368
0              9        0.46066
0             10       0.416214
0             11       0.412158
0             12       0.704996
0             13        1.19149
0             14        1.65888
0             15        2.59455
0             16        4.22838
0             17        6.11453
0             18        9.55211
0             19        16.0003
0             20        22.1009
0             21        29.5654
0             22        37.7664
0             23        48.6312
0             24        55.8649
0             25        62.2219
0             26        74.7911
0             27        83.7944
0             28        77.4488
0             29        66.4108
0             30        63.8844
0             31        60.7381
0             32        51.4236
0             33        40.2967
0             34        35.5646
0             35        30.7127
0             36        24.3839
0             37         19.294
0             38        13.9484
0             39         7.9936
0             40        4.26339
0             41        2.68187
0             42        2.02568
0             43        1.25481
0             44       0.797006
0             45       0.668263
0             46       0.444181
0             47       0.229787
0             48       0.157261
0             49       0.138709
0             50        0.12999
0             51       0.122685
0             52       0.115537
0             53       0.108827
0             54       0.102204
0             55      0.0960322
0             56       0.090359
0             57      0.0849266
0             58      0.0797691
0             59      0.0750811
0             60       0.070978
0             61      0.0670585
0             62      0.0634607
0             63      0.0601528
0             64      0.0569732
0             65      0.0541434
0             66      0.0513938
0             67      0.0489341
0             68      0.0464379
0             69      0.0442745
0             70      0.0421584
0             71        0.04024
0             72      0.0383537
0             73      0.0366427
0             74       0.035024
0             75      0.0334871
0             76      0.0320876
0             77      0.0306974
0             78      0.0293721
0             79      0.0281609
0             80      0.0270526
0             81      0.0259879
0             82      0.0249669
0             83      0.0240295
0             84      0.0231238
0             85      0.0222907
0             86      0.0214827
0             87      0.0206998
0             88      0.0199762
0             89      0.0192721
0             90      0.0186569
0             91       0.132807
0             92       0.148633
0             93       0.166692
0             94       0.186769
0             95       0.208264
0             96       0.233453
0             97       0.263085
0             98       0.302226
0             99       0.356568
0            100        0.42981
0            101       0.535099
0            102       0.701109
0            103       0.956059
0            104        1.36073
0            105        2.03039
0            106        3.09701
0            107        4.57352
0            108        6.35534
0            109        8.95943
0            110        13.2262
0            111        19.0357
0            112         25.595
0            113         32.922
0            114        40.3403
0            115        49.1734
0            116        57.8298
0            117        64.4247
0            118        68.7011
0            119        70.6796
0            120        69.9287
0            121        66.1706
0            122        59.1787
0            123        50.6448
0            124        42.2853
0            125        33.9498
0            126        26.2747
0            127         19.616
0            128        14.0873
0            129        9.68559
0            130        6.47443
0            131        4.46659
0            132        3.13199
0            133        2.12363
0            134        1.38346
0            135       0.939752
0            136       0.681269
0            137       0.519592
0            138       0.414516
0            139       0.345919
0            140       0.298601
0            141       0.260894
0            142        0.23003
0            143        0.20405
0            144       0.181922
0            145        0.16311
0            146       0.146382
0            147       0.131199
0            148       0.118119
0            149        0.10647
0            150      0.0959603
0            151      0.0864633
0            152      0.0780757
0            153      0.0706537
0            154       0.063923
0            155      0.0579585
0            156      0.0526552
0            157      0.0479232
0            158      0.0435914
0            159      0.0398603
0            160      0.0363644
0            161      0.0332698
0            162      0.0304746
0            163      0.0279434
0            164      0.0256452
0            165      0.0235892
0            166      0.0217104
0            167      0.0199896
0            168      0.0184391
0            169      0.0170387
0            170      0.0157778
0            171      0.0145809
0            172      0.0135225
0            173      0.0125599
0            174      0.0116637
0            175      0.0108471
0            176      0.0101022
0            177     0.00942369
0            178      0.0088009
0            179     0.00823192
0            180     0.00772444
0            181     0.00724359
0            182       0.134238
0            183       0.157869
0            184       0.185977
0            185       0.219029
0            186       0.258658
0            187        0.30661
0            188       0.365042
0            189       0.435291
0            190       0.521297
0            191       0.630137
0            192       0.767376
0            193       0.942627
0            194        1.17354
0            195        1.49349
0            196        1.93842
0            197        2.57821
0            198        3.51153
0            199        4.81443
0            200         6.6016
0            201         8.9258
0            202        12.0025
0            203        15.8459
0            204        20.4768
0            205        25.8202
0            206         31.296
0            207        36.4477
0            208        40.5994
0            209        42.9869
0            210        43.4711
0            211        42.1991
0            212         39.534
0            213        35.6438
0            214        30.8214
0            215        25.5979
0            216        20.5201
0            217         15.876
0            218        11.9366
0            219        8.79641
0            220        6.44563
0            221        4.71304
0            222        3.46592
0            223        2.59303
0            224        1.96911
0            225        1.51471
0            226        1.17871
0            227       0.934807
0            228        0.75588
0            229       0.620784
0            230       0.516475
0            231       0.432228
0            232       0.362764
0            233       0.304896
0            234       0.257335
0            235        0.21777
0            236       0.184252
0            237       0.156243
0            238        0.13273
0            239       0.112919
0            240      0.0959665
0            241      0.0817561
0            242      0.0696924
0            243      0.0594255
0            244      0.0507773
0            245      0.0432732
0            246       0.037011
0            247      0.0315541
0            248      0.0269892
0            249      0.0230795
0            250      0.0196951
0            251      0.0168799
0            252      0.0144677
0            253      0.0124033
0            254      0.0106691
0            255     0.00917839
0            256     0.00792142
0            257     0.00684261
0            258     0.00592148
0            259     0.00513288
0            260     0.00446038
0            261     0.00388604
0            262     0.00339009
0            263     0.00296113
0            264     0.00258958
0            265     0.00227534
0            266     0.00200596
0            267     0.00176675
0            268     0.00156342
0            269     0.00138999
0            270     0.00123892
0            271     0.00110533
0            272    0.000990492
0            273      0.0428727
0            274       0.055013
0            275      0.0704982
0            276       0.090264
0            277       0.115592
0            278       0.147849
0            279       0.188777
0            280       0.241127
0            281       0.307681
0            282        0.39213
0            283       0.499698
0            284       0.636765
0            285       0.813532
0            286        1.03981
0            287        1.33643
0            288        1.72738
0            289        2.24706
0            290        2.93393
0            291        3.83573
0            292        5.01033
0            293        6.49145
0            294        8.30824
0            295        10.4541
0            296         12.822
0            297        15.3123
0            298        17.6705
0            299        19.6067
0            300        20.8892
0            301        21.3302
0            302        20.8905
0            303        19.6324
0            304         17.731
0            305        15.4245
0            306         12.973
0            307        10.5657
0            308         8.4017
0            309        6.55507
0            310         5.0535
0            311        3.86742
0            312        2.95342
0            313        2.26147
0            314        1.73917
0            315        1.34616
0            316         1.0496
0            317       0.821914
0            318       0.644224
0            319       0.505131
0            320       0.396807
0            321       0.311304
0            322       0.243816
0            323       0.190877
0            324       0.149277
0            325       0.116623
0            326      0.0909517
0            327      0.0709271
0            328      0.0551802
0            329       0.042902
0            330      0.0332609
0            331      0.0258113
0            332       0.019969
0            333      0.0154621
0            334      0.0119584
0            335     0.00925643
0            336     0.00717023
0            337     0.00554573
0            338     0.00429992
0            339     0.00332857
0            340     0.00258113
0            341     0.00200702
0            342     0.00155675
0            343     0.00121208
0            344    0.000944125
0            345     0.00073643
0            346    0.000575844
0            347    0.000451062
0            348    0.000353872
0            349    0.000278219
0            350    0.000219477
0            351    0.000173608
0            352    0.000137447
0            353    0.000109331
0            354    8.72892e-05
0            355    6.98654e-05
0            356    5.61199e-05
0            357    4.51905e-05
0            358    3.66354e-05
0            359    2.97746e-05
0            360    2.43105e-05
0            361    1.99652e-05
0            362    1.64586e-05
0            363     1.3658e-05
0            364     0.00157992
0            365     0.00191976
0            366     0.00232967
0            367     0.00282891
0            368     0.00342809
0            369      0.0041549
0            370     0.00503687
0            371     0.00610225
0            372     0.00737919
0            373     0.00891824
0            374      0.0107912
0            375       0.013023
0            376      0.0157223
0            377       0.018971
0            378       0.022847
0            379      0.0275331
0            380      0.0330896
0            381      0.0397861
0            382      0.0477651
0            383      0.0573212
0            384      0.0686192
0            385      0.0821955
0            386      0.0984243
0            387       0.117611
0            388       0.140516
0            389       0.167719
0            390       0.200012
0            391       0.238329
0            392       0.283772
0            393       0.337648
0            394       0.401826
0            395       0.477411
0            396       0.566732
0            397       0.672086
0            398        0.79605
0            399       0.940712
0            400        1.10879
0            401        1.30504
0            402        1.52967
0            403        1.78859
0            404         2.0807
0            405        2.40801
0            406        2.77533
0            407        3.17606
0            408        3.60984
0            409         4.0741
0            410        4.56068
0            411        5.05754
0            412        5.55723
0            413        6.04869
0            414        6.51203
0            415        6.93543
0            416        7.30965
0            417        7.61259
0            418        7.84081
0            419        7.97888
0            420        8.02542
0            421        7.97756
0            422        7.83633
0            423        7.60789
0            424        7.30155
0            425        6.92729
0            426        6.50184
0            427         6.0384
0            428        5.55053
0            429        5.05194
0            430        4.55508
0            431        4.07066
0            432        3.60942
0            433        3.17384
0            434        2.77236
0            435        2.40935
0            436        2.07969
0            437        1.78733
0            438        1.52892
0            439        1.30462
0            440        1.10808
0            441       0.940192
0            442       0.795135
0            443       0.671535
0            444       0.566846
0            445       0.477236
0            446       0.401931
0            447       0.338284
0            448       0.284204
0            449       0.238626
0            450       0.200341
0            451       0.168174
0            452       0.140897
0            453       0.118101
0            454      0.0988335
0            455      0.0826324
0            456        0.06914
0            457      0.0577135
0            458      0.0481842
0            459       0.040198
0            460      0.0335072
0            461      0.0278925
0            462      0.0232184
0            463      0.0193001
0            464      0.0160315
0            465      0.0133097
0            466      0.0110366
0            467     0.00913667
0            468     0.00757591
0            469     0.00626171
0            470     0.00518187
0            471     0.00428193
0            472      0.0035372
0            473     0.00291659
0            474     0.00240781
0            475     0.00198452
0            476      0.0016354
0            477     0.00134688
0            478     0.00110906
0            479    0.000912848
0            480    0.000751033
0            481    0.000617629
0            482    0.000507689
0            483    0.000417859
0            484    0.000343168
0            485    0.000282143
0            486    0.000231832
0            487    0.000190373
0            488    0.000156223
0            489    0.000128327
0            490    0.000105517
0            491    8.65421e-05
0            492    7.11679e-05
0            493    5.83705e-05
0            494    4.79988e-05
0            495    3.94355e-05
0            496    3.23639e-05
0            497    2.65828e-05
0            498    2.18498e-05
0            499    1.79391e-05
0            500    1.47374e-05
0            501    1.21167e-05
0            502    9.96779e-06
0            503    8.18926e-06
0            504    6.74553e-06
0            505    5.55034e-06
0            506    4.56757e-06
0            507    3.76271e-06
0            508     3.0998e-06
0            509    2.55637e-06
0            510     2.1089e-06
0            511    1.74022e-06
0            512    1.43693e-06
0            513    1.18726e-06
0            514    9.81616e-07
0            515    8.11712e-07
0            516    6.71972e-07
0            517    5.57405e-07
0            518     4.6265e-07
0            519    3.84235e-07
0            520      3.193e-07
0            521    2.65496e-07
0            522    2.21308e-07
0            523    1.84231e-07
0            524    1.53745e-07
0            525     1.2871e-07
0            526    1.07737e-07
0            527    9.02975e-08
0            528     7.5724e-08
0            529    6.37073e-08
0            530    5.35856e-08
0            531    4.51694e-08
0            532    3.81365e-08
0            533    3.22429e-08
0            534    2.73492e-08
0            535    2.31677e-08
0            536    1.97264e-08
0            537    1.68203e-08
0            538    1.43498e-08
0            539    1.22598e-08
0            540    1.05087e-08
0            541    9.03722e-09
0            542    7.77539e-09
0            543    6.70625e-09
0            544     5.7971e-09
0            545         193.97
0            546        148.847
0            547        69.9838
0            548        8.51352
0            549      0.0400909
0            550    0.000218467
0            551    1.02977e-05
0            552    1.63229e-06
0            553    7.87775e-08
0            554        112.191
0            555        67.7006
0            556        29.8243
0            557        3.91157
0            558      0.0234979
0            559     0.00017994
0            560    8.96839e-06
0            561    1.40322e-06
0            562    7.44241e-08
0            563        31.8202
0            564        7.50401
0            565        2.59631
0            566       0.145392
0            567     0.00542819
0            568    9.78441e-05
0            569    5.98943e-06
0            570    9.75085e-07
0            571    5.91932e-08
0            572         9.5887
0            573        1.53398
0            574       0.320759
0            575      0.0262178
0            576     0.00109619
0            577    4.46116e-05
0            578    3.53521e-06
0            579    6.00432e-07
0            580    4.24732e-08
0            581        3.19296
0            582       0.589791
0            583       0.138847
0            584      0.0127378
0            585    0.000506431
0            586    2.33634e-05
0            587    2.17131e-06
0            588    3.68574e-07
0            589     2.9954e-08
0            590         1.0976
0            591       0.270066
0            592      0.0671124
0            593     0.00733848
0            594    0.000327199
0            595    1.48237e-05
0            596    1.45792e-06
0            597    2.41739e-07
0            598    2.16161e-08
