0              0     0.00945997
0              1       0.010099
0              2      0.0108465
0              3      0.0116308
0              4      0.0125173
0              5      0.0134519
0              6      0.0144553
0              7      0.0155729
0              8      0.0167785
0              9      0.0181279
0             10      0.0195704
0             11      0.0211404
0             12      0.0229174
0             13       0.024943
0             14       0.027191
0             15       0.029578
0             16      0.0323438
0             17       0.035457
0             18      0.0389521
0             19      0.0430915
0             20      0.0476416
0             21      0.0531079
0             22      0.0592071
0             23      0.0670085
0             24      0.0756222
0             25       0.086715
0             26       0.100047
0             27       0.118235
0             28       0.142183
0             29       0.176867
0             30        0.22772
0             31       0.301221
0             32       0.416309
0             33       0.585088
0             34       0.821008
0             35        1.14159
0             36        1.57571
0             37        2.19134
0             38        3.02671
0             39        4.16422
0             40        5.65944
0             41        7.60722
0             42        10.3434
0             43        13.6575
0             44         17.841
0             45        22.6946
0             46        28.5289
0             47        35.5178
0             48        42.8043
0             49        51.1292
0             50        59.4171
0             51        67.7436
0             52        75.9219
0             53        83.4748
0             54        89.7988
0             55        94.3228
0             56        97.0986
0             57        97.7263
0             58         95.845
0             59        91.6007
0             60        85.8854
0             61         78.495
0             62        70.1502
0             63        61.6339
0             64        52.8685
0             65        44.7532
0             66        36.8391
0             67        29.7997
0             68        22.8954
0             69        17.6789
0             70        13.3606
0             71        10.0674
0             72         7.4002
0             73        5.48563
0             74        4.06112
0             75        3.00318
0             76        2.21878
0             77        1.58118
0             78        1.10409
0             79       0.772991
0             80       0.549756
0             81       0.397215
0             82       0.289899
0             83       0.217719
0             84       0.167759
0             85       0.133329
0             86       0.108892
0             87      0.0905227
0             88      0.0777184
0             89      0.0674549
0             90      0.0598375
0             91     0.00249871
0             92     0.00283687
0             93      0.0032162
0             94     0.00366219
0             95     0.00417428
0             96     0.00476776
0             97     0.00545194
0             98      0.0062446
0             99     0.00716444
0            100     0.00820727
0            101     0.00941857
0            102      0.0108604
0            103      0.0124698
0            104      0.0143449
0            105      0.0165365
0            106      0.0191053
0            107      0.0220606
0            108      0.0254668
0            109      0.0294882
0            110      0.0341612
0            111      0.0396096
0            112      0.0459845
0            113      0.0536208
0            114      0.0622488
0            115      0.0728696
0            116      0.0852177
0            117      0.0999733
0            118       0.117787
0            119       0.139613
0            120       0.166203
0            121       0.200263
0            122        0.24557
0            123       0.306526
0            124       0.390559
0            125       0.510218
0            126       0.686586
0            127       0.937262
0            128        1.29798
0            129        1.83219
0            130        2.58588
0            131        3.61192
0            132        5.01415
0            133        6.78849
0            134        9.13312
0            135        12.1232
0            136        15.8457
0            137        20.3707
0            138        25.6513
0            139        31.7071
0            140        38.3057
0            141        45.5417
0            142        52.7691
0            143        59.6737
0            144        65.7997
0            145        70.6816
0            146        74.2557
0            147        76.2892
0            148        76.4229
0            149        74.7625
0            150        71.4071
0            151        66.5761
0            152        60.6151
0            153        53.8692
0            154        46.5905
0            155         39.372
0            156        32.5467
0            157        26.3316
0            158        20.7114
0            159        16.0933
0            160        12.1387
0            161        9.07642
0            162        6.71321
0            163        4.91243
0            164        3.55224
0            165        2.55591
0            166         1.8235
0            167         1.3028
0            168       0.949211
0            169       0.707667
0            170       0.536941
0            171        0.41131
0            172       0.322199
0            173       0.257277
0            174       0.207978
0            175       0.170789
0            176       0.141919
0            177       0.118479
0            178      0.0999418
0            179       0.084446
0            180      0.0717483
0            181      0.0611872
0            182    0.000108522
0            183    0.000136046
0            184     0.00017147
0            185    0.000215914
0            186    0.000272476
0            187    0.000345784
0            188    0.000441281
0            189    0.000560899
0            190    0.000715074
0            191    0.000916871
0            192     0.00117525
0            193     0.00150614
0            194     0.00193001
0            195     0.00247894
0            196     0.00318769
0            197     0.00409994
0            198     0.00527488
0            199     0.00677541
0            200      0.0087256
0            201      0.0112006
0            202      0.0144171
0            203      0.0185059
0            204      0.0237001
0            205      0.0304871
0            206      0.0390057
0            207      0.0498133
0            208      0.0638396
0            209      0.0813408
0            210       0.104142
0            211       0.132794
0            212       0.169942
0            213        0.21778
0            214         0.2797
0            215       0.361153
0            216       0.466508
0            217       0.605513
0            218       0.790379
0            219        1.03766
0            220        1.36332
0            221        1.79901
0            222        2.38544
0            223        3.15859
0            224        4.16745
0            225        5.46441
0            226        7.12956
0            227        9.20463
0            228         11.735
0            229        14.7504
0            230        18.1805
0            231        22.0034
0            232        26.1223
0            233        30.3697
0            234         34.414
0            235         38.069
0            236        41.1435
0            237        43.3581
0            238        44.5643
0            239        44.6674
0            240        43.6149
0            241        41.5263
0            242         38.542
0            243         34.891
0            244        30.8772
0            245         26.627
0            246        22.5273
0            247        18.5972
0            248         15.104
0            249         12.041
0            250         9.3912
0            251        7.25122
0            252        5.53267
0            253        4.17458
0            254        3.15147
0            255        2.36374
0            256        1.78108
0            257        1.34199
0            258        1.01656
0            259       0.775184
0            260       0.593708
0            261       0.457708
0            262       0.353474
0            263       0.273517
0            264       0.212236
0            265       0.165888
0            266       0.129981
0            267       0.101657
0            268      0.0797214
0            269      0.0626266
0            270      0.0491897
0            271      0.0384794
0            272      0.0301033
0            273    1.69264e-07
0            274    2.45612e-07
0            275    3.59024e-07
0            276    5.26751e-07
0            277    7.78147e-07
0            278    1.15464e-06
0            279    1.71541e-06
0            280    2.56816e-06
0            281    3.84899e-06
0            282    5.78119e-06
0            283    8.69111e-06
0            284    1.30932e-05
0            285    1.98019e-05
0            286    2.98593e-05
0            287    4.50489e-05
0            288    6.80034e-05
0            289     0.00010256
0            290    0.000154341
0            291     0.00023185
0            292    0.000348208
0            293    0.000521745
0            294    0.000779559
0            295     0.00116664
0            296     0.00173319
0            297     0.00257743
0            298     0.00382757
0            299      0.0056522
0            300      0.0083454
0            301      0.0122488
0            302      0.0179279
0            303      0.0261695
0            304      0.0379946
0            305      0.0550195
0            306      0.0790866
0            307       0.113526
0            308       0.161929
0            309       0.230274
0            310       0.325749
0            311       0.459549
0            312        0.64457
0            313        0.89836
0            314         1.2424
0            315        1.70271
0            316        2.30406
0            317        3.07355
0            318        4.04794
0            319         5.2417
0            320        6.66079
0            321        8.30354
0            322        10.1471
0            323        12.1255
0            324        14.1491
0            325        16.1277
0            326         17.924
0            327         19.413
0            328        20.4824
0            329        21.0488
0            330        21.0611
0            331        20.5176
0            332        19.4529
0            333        17.9709
0            334        16.1708
0            335        14.1927
0            336        12.1602
0            337        10.1672
0            338        8.32459
0            339        6.66869
0            340         5.2392
0            341        4.05267
0            342        3.07417
0            343        2.30056
0            344        1.69946
0            345        1.23998
0            346       0.897646
0            347       0.644705
0            348       0.459865
0            349       0.326572
0            350       0.230953
0            351       0.162981
0            352       0.114298
0            353       0.080082
0            354      0.0559125
0            355      0.0388962
0            356      0.0269319
0            357      0.0185615
0            358      0.0127699
0            359     0.00873743
0            360     0.00595303
0            361     0.00404808
0            362     0.00274285
0            363     0.00185198
0            364    6.71263e-13
0            365    9.44487e-13
0            366    1.33084e-12
0            367    1.88114e-12
0            368     2.6547e-12
0            369    3.76021e-12
0            370     5.3454e-12
0            371    7.60289e-12
0            372    1.07956e-11
0            373    1.53359e-11
0            374    2.19257e-11
0            375    3.11987e-11
0            376    4.45403e-11
0            377    6.35992e-11
0            378    9.07567e-11
0            379    1.29772e-10
0            380    1.84901e-10
0            381     2.6427e-10
0            382    3.77072e-10
0            383    5.38031e-10
0            384    7.65175e-10
0            385     1.0915e-09
0            386    1.55916e-09
0            387    2.21714e-09
0            388    3.15744e-09
0            389    4.49003e-09
0            390    6.37613e-09
0            391    9.04239e-09
0            392    1.28071e-08
0            393    1.81472e-08
0            394    2.57158e-08
0            395     3.6357e-08
0            396    5.13492e-08
0            397     7.2453e-08
0            398    1.02135e-07
0            399    1.43705e-07
0            400     2.0184e-07
0            401    2.83566e-07
0            402    3.97376e-07
0            403     5.5703e-07
0            404    7.79028e-07
0            405      1.086e-06
0            406     1.5173e-06
0            407    2.11153e-06
0            408    2.93504e-06
0            409    4.07793e-06
0            410     5.6594e-06
0            411    7.82519e-06
0            412    1.08085e-05
0            413    1.49224e-05
0            414    2.05171e-05
0            415    2.81261e-05
0            416    3.86152e-05
0            417    5.27035e-05
0            418    7.20425e-05
0            419    9.79146e-05
0            420    0.000132973
0            421    0.000180448
0            422    0.000244132
0            423    0.000329335
0            424    0.000443048
0            425    0.000595814
0            426    0.000797426
0            427     0.00106689
0            428     0.00142417
0            429     0.00189691
0            430     0.00252113
0            431     0.00334358
0            432     0.00442433
0            433     0.00584202
0            434     0.00769586
0            435       0.010093
0            436      0.0132314
0            437      0.0172656
0            438      0.0224681
0            439      0.0290983
0            440      0.0376428
0            441       0.048356
0            442       0.062031
0            443      0.0791454
0            444       0.100445
0            445       0.126962
0            446       0.159621
0            447       0.199517
0            448       0.248304
0            449       0.307135
0            450       0.377651
0            451       0.461571
0            452       0.561318
0            453       0.677209
0            454        0.81293
0            455       0.969192
0            456        1.14653
0            457         1.3484
0            458        1.57279
0            459        1.82205
0            460        2.09628
0            461        2.39399
0            462        2.71129
0            463        3.04766
0            464        3.40238
0            465        3.76521
0            466        4.13617
0            467        4.50802
0            468        4.87149
0            469        5.22486
0            470        5.55468
0            471        5.85996
0            472        6.13029
0            473        6.36075
0            474        6.54405
0            475        6.67936
0            476        6.76247
0            477        6.78838
0            478        6.75969
0            479        6.67572
0            480        6.53866
0            481        6.35192
0            482        6.11994
0            483        5.85077
0            484         5.5451
0            485        5.21458
0            486        4.86351
0            487        4.49878
0            488         4.1271
0            489        3.75758
0            490        3.39578
0            491        3.04148
0            492        2.70642
0            493        2.38677
0            494        2.09166
0            495        1.81924
0            496        1.56903
0            497        1.34459
0            498        1.14449
0            499       0.966649
0            500       0.811081
0            501        0.67665
0            502       0.560968
0            503        0.46165
0            504       0.378395
0            505       0.308239
0            506        0.24942
0            507       0.201078
0            508       0.161056
0            509       0.128575
0            510       0.102108
0            511      0.0806686
0            512      0.0634774
0            513      0.0497573
0            514      0.0388562
0            515      0.0301919
0            516       0.023405
0            517      0.0180788
0            518       0.013915
0            519      0.0106726
0            520     0.00815762
0            521     0.00621432
0            522     0.00472496
0            523     0.00357615
0            524     0.00270202
0            525     0.00204162
0            526     0.00153555
0            527     0.00115353
0            528    0.000864053
0            529     0.00064737
0            530    0.000482708
0            531    0.000360123
0            532    0.000267675
0            533    0.000198655
0            534    0.000147392
0            535    0.000108803
0            536    8.03814e-05
0            537    5.92634e-05
0            538    4.35095e-05
0            539    3.18697e-05
0            540    2.33188e-05
0            541    1.70421e-05
0            542    1.23947e-05
0            543    9.01025e-06
0            544    6.52526e-06
0            545        2.15433
0            546       0.558306
0            547       0.127887
0            548      0.0176772
0            549     0.00081146
0            550    1.56687e-05
0            551    7.75672e-07
0            552    5.35842e-08
0            553    2.23915e-09
0            554        8.77826
0            555        2.01589
0            556       0.593469
0            557       0.164794
0            558     0.00663954
0            559    8.38613e-05
0            560    3.19613e-06
0            561    2.54827e-07
0            562    4.12351e-09
0            563        34.5007
0            564        12.1182
0            565        5.84561
0            566         1.3597
0            567      0.0381027
0            568    0.000362009
0            569    1.15387e-05
0            570    1.37943e-06
0            571     7.9545e-09
0            572        115.732
0            573        65.1509
0            574        34.9123
0            575         5.9365
0            576       0.121334
0            577    0.000974006
0            578    2.85944e-05
0            579    4.88107e-06
0            580    1.36011e-08
0            581         205.27
0            582        143.877
0            583        75.4543
0            584        10.8389
0            585       0.195399
0            586     0.00149242
0            587    4.24512e-05
0            588    9.16951e-06
0            589    1.71533e-08
0            590        151.468
0            591         94.161
0            592        50.1645
0            593        7.75133
0            594       0.154573
0            595     0.00129587
0            596    3.54824e-05
0            597    8.64141e-06
0            598    1.47738e-08
