0              0      0.0209087
0              1      0.0208961
0              2      0.0207873
0              3      0.0206248
0              4      0.0202611
0              5      0.0198689
0              6      0.0193348
0              7      0.0187954
0              8      0.0181475
0              9      0.0175332
0             10      0.0170482
0             11      0.0165528
0             12      0.0162372
0             13      0.0162017
0             14      0.0164599
0             15      0.0171628
0             16      0.0184458
0             17      0.0203562
0             18      0.0231441
0             19      0.0269926
0             20      0.0317317
0             21      0.0378753
0             22      0.0460503
0             23      0.0575431
0             24      0.0697547
0             25      0.0865945
0             26       0.108953
0             27       0.139728
0             28       0.176707
0             29       0.228909
0             30       0.300151
0             31       0.401373
0             32       0.559712
0             33       0.786163
0             34        1.11532
0             35        1.52581
0             36        2.07309
0             37        2.88119
0             38        4.04606
0             39        5.69116
0             40        8.04597
0             41        11.1661
0             42        15.4487
0             43        20.9365
0             44        28.3924
0             45         37.223
0             46         48.235
0             47        62.3988
0             48        78.7948
0             49        98.6648
0             50        119.759
0             51         142.85
0             52        167.456
0             53        192.076
0             54        216.917
0             55        240.363
0             56        261.041
0             57        278.515
0             58        290.268
0             59        295.158
0             60        293.417
0             61         286.13
0             62        274.214
0             63        258.326
0             64        238.051
0             65        215.533
0             66        189.495
0             67        164.934
0             68        138.783
0             69        116.163
0             70        95.2165
0             71        77.0952
0             72         60.456
0             73        47.0726
0             74        35.8289
0             75        26.9068
0             76        20.1914
0             77        14.7371
0             78        10.6066
0             79        7.72188
0             80        5.69747
0             81        4.25299
0             82         3.1996
0             83        2.45182
0             84        1.93655
0             85        1.59102
0             86        1.36475
0             87        1.21157
0             88        1.10746
0             89        1.01525
0             90       0.955133
0             91     0.00236997
0             92     0.00235439
0             93     0.00228464
0             94     0.00218044
0             95     0.00205335
0             96     0.00188259
0             97     0.00169718
0             98     0.00149665
0             99     0.00129235
0            100     0.00111914
0            101    0.000985141
0            102    0.000905991
0            103    0.000860129
0            104    0.000851967
0            105    0.000886274
0            106     0.00101272
0            107     0.00123762
0            108     0.00159266
0            109     0.00215441
0            110     0.00300388
0            111     0.00426377
0            112     0.00605609
0            113     0.00857716
0            114      0.0120714
0            115      0.0172619
0            116      0.0245273
0            117      0.0349743
0            118      0.0499836
0            119      0.0720765
0            120       0.102477
0            121       0.146437
0            122       0.210172
0            123       0.297864
0            124       0.425284
0            125       0.609732
0            126       0.875365
0            127        1.23934
0            128        1.73856
0            129        2.42776
0            130        3.37516
0            131        4.64903
0            132         6.3939
0            133        8.60032
0            134        11.5596
0            135        15.3429
0            136        20.0817
0            137           25.9
0            138        32.8874
0            139        41.1098
0            140        50.4423
0            141        61.1862
0            142        72.7164
0            143         84.836
0            144        97.1601
0            145        109.043
0            146        120.224
0            147        130.198
0            148         137.91
0            149        143.556
0            150        146.694
0            151        146.799
0            152        143.902
0            153        138.427
0            154        130.431
0            155        120.382
0            156         109.12
0            157        97.1338
0            158        84.7164
0            159        72.9379
0            160         61.394
0            161        50.8401
0            162        41.3565
0            163        33.0331
0            164        25.8627
0            165        20.0554
0            166        15.2911
0            167        11.4793
0            168         8.5763
0            169        6.36754
0            170        4.68316
0            171        3.37958
0            172        2.47026
0            173        1.84104
0            174        1.42848
0            175        1.18099
0            176        1.04645
0            177       0.984366
0            178       0.957975
0            179       0.946162
0            180       0.932245
0            181       0.904555
0            182    0.000174572
0            183    0.000172257
0            184    0.000163895
0            185    0.000150209
0            186    0.000131219
0            187    0.000113513
0            188    9.65506e-05
0            189    8.21149e-05
0            190    7.21598e-05
0            191    6.47974e-05
0            192     6.0035e-05
0            193    5.75489e-05
0            194    5.79711e-05
0            195    6.20138e-05
0            196    6.88786e-05
0            197    8.40398e-05
0            198    0.000105324
0            199     0.00013204
0            200    0.000169448
0            201    0.000211236
0            202    0.000284083
0            203    0.000380161
0            204    0.000553325
0            205    0.000845339
0            206     0.00132104
0            207     0.00205183
0            208     0.00321193
0            209     0.00507107
0            210     0.00789019
0            211      0.0125216
0            212      0.0200512
0            213      0.0318046
0            214      0.0504688
0            215      0.0800816
0            216       0.125083
0            217       0.193333
0            218       0.294664
0            219       0.445746
0            220       0.662706
0            221       0.971457
0            222        1.40629
0            223        1.99603
0            224        2.78557
0            225         3.8245
0            226         5.1743
0            227        6.88378
0            228        9.00153
0            229        11.5651
0            230        14.5454
0            231          17.98
0            232        21.8822
0            233        26.1839
0            234        30.6381
0            235        35.1846
0            236        39.6713
0            237        43.8265
0            238         47.443
0            239        50.3558
0            240         52.386
0            241        53.4809
0            242        53.5088
0            243        52.4675
0            244        50.4658
0            245        47.5114
0            246        43.9323
0            247        39.7306
0            248        35.3157
0            249        30.7605
0            250        26.2185
0            251        21.9984
0            252        18.0853
0            253        14.5648
0            254        11.5447
0            255        8.96436
0            256        6.86236
0            257        5.14819
0            258        3.79842
0            259        2.75678
0            260        1.96435
0            261        1.38391
0            262       0.961292
0            263       0.656703
0            264       0.446729
0            265       0.308319
0            266       0.222522
0            267       0.176878
0            268       0.169163
0            269       0.189104
0            270       0.216497
0            271       0.235471
0            272       0.238547
0            273    9.75775e-06
0            274    9.74839e-06
0            275    9.56293e-06
0            276    9.33013e-06
0            277    9.05725e-06
0            278    8.59636e-06
0            279    8.86623e-06
0            280    9.47538e-06
0            281    1.02336e-05
0            282    1.14999e-05
0            283    1.43502e-05
0            284    1.72376e-05
0            285    2.05708e-05
0            286    2.48577e-05
0            287    2.95481e-05
0            288    3.50218e-05
0            289    4.12003e-05
0            290    5.07496e-05
0            291    6.67546e-05
0            292    8.66304e-05
0            293    0.000112687
0            294    0.000147152
0            295    0.000196129
0            296    0.000264193
0            297    0.000361162
0            298    0.000511949
0            299    0.000747442
0            300     0.00112857
0            301     0.00169074
0            302     0.00254258
0            303     0.00391948
0            304     0.00597172
0            305     0.00906855
0            306      0.0137812
0            307        0.02109
0            308      0.0319302
0            309      0.0483068
0            310       0.072277
0            311       0.107239
0            312       0.157209
0            313       0.227612
0            314       0.324455
0            315       0.456686
0            316       0.632581
0            317       0.862032
0            318        1.15957
0            319        1.53241
0            320        1.98856
0            321        2.53387
0            322         3.1682
0            323        3.88408
0            324        4.66726
0            325        5.50542
0            326        6.36632
0            327        7.21648
0            328        8.01104
0            329        8.71673
0            330        9.29097
0            331        9.69359
0            332        9.90292
0            333        9.91332
0            334        9.71241
0            335        9.31992
0            336        8.75637
0            337         8.0463
0            338        7.25025
0            339        6.39415
0            340        5.53003
0            341        4.69351
0            342        3.89711
0            343        3.17849
0            344         2.5408
0            345        1.99292
0            346        1.53662
0            347        1.16373
0            348       0.865232
0            349       0.632622
0            350       0.454664
0            351        0.32257
0            352       0.225249
0            353        0.15574
0            354       0.106265
0            355      0.0717413
0            356      0.0482366
0            357      0.0326544
0            358       0.022827
0            359      0.0175167
0            360      0.0161178
0            361      0.0173265
0            362      0.0185009
0            363      0.0183706
0            364    8.16283e-07
0            365    8.58707e-07
0            366    8.83528e-07
0            367    9.02604e-07
0            368    9.37141e-07
0            369    9.62997e-07
0            370    9.67741e-07
0            371    9.56777e-07
0            372    9.52952e-07
0            373    9.39087e-07
0            374    9.42181e-07
0            375    9.92374e-07
0            376    1.05347e-06
0            377    1.09902e-06
0            378    1.16905e-06
0            379    1.22127e-06
0            380    1.25644e-06
0            381    1.28646e-06
0            382    1.35228e-06
0            383    1.46276e-06
0            384    1.59911e-06
0            385    1.80694e-06
0            386    2.06653e-06
0            387      2.301e-06
0            388    2.60557e-06
0            389    2.94752e-06
0            390    3.33051e-06
0            391    3.81674e-06
0            392     4.5659e-06
0            393    5.32805e-06
0            394    6.16879e-06
0            395    7.02391e-06
0            396    8.04066e-06
0            397    9.82157e-06
0            398    1.16817e-05
0            399    1.36276e-05
0            400    1.55854e-05
0            401    1.74803e-05
0            402    1.91726e-05
0            403    2.17167e-05
0            404    2.52403e-05
0            405    2.94817e-05
0            406    3.51863e-05
0            407     4.1667e-05
0            408    4.87017e-05
0            409    5.67269e-05
0            410    6.60924e-05
0            411    7.75494e-05
0            412    9.16768e-05
0            413    0.000109468
0            414     0.00012952
0            415    0.000153175
0            416    0.000179174
0            417    0.000208239
0            418    0.000242834
0            419    0.000285202
0            420    0.000334476
0            421    0.000394035
0            422    0.000464314
0            423    0.000546926
0            424    0.000650567
0            425    0.000781354
0            426    0.000940081
0            427     0.00112404
0            428      0.0013432
0            429     0.00160128
0            430     0.00189654
0            431     0.00225586
0            432     0.00268981
0            433     0.00320003
0            434     0.00381917
0            435      0.0045539
0            436     0.00544174
0            437     0.00648838
0            438     0.00771866
0            439     0.00914944
0            440      0.0108572
0            441      0.0128499
0            442      0.0152045
0            443      0.0179429
0            444      0.0211332
0            445      0.0248281
0            446        0.02905
0            447      0.0338505
0            448      0.0393451
0            449      0.0456615
0            450      0.0529008
0            451      0.0610898
0            452      0.0703081
0            453      0.0805443
0            454      0.0920714
0            455       0.104889
0            456       0.119016
0            457       0.134597
0            458       0.151387
0            459       0.169641
0            460       0.189397
0            461       0.210638
0            462       0.233185
0            463       0.257087
0            464       0.282599
0            465       0.308824
0            466       0.336352
0            467       0.364711
0            468       0.393344
0            469       0.422218
0            470        0.45098
0            471       0.479777
0            472       0.507856
0            473       0.535043
0            474       0.560854
0            475       0.585246
0            476       0.607835
0            477       0.627604
0            478       0.645139
0            479       0.659763
0            480       0.671148
0            481       0.679321
0            482       0.684287
0            483       0.686488
0            484       0.684979
0            485       0.680002
0            486        0.67175
0            487       0.660263
0            488       0.645554
0            489       0.628118
0            490       0.608413
0            491       0.585875
0            492       0.561966
0            493       0.535865
0            494       0.508886
0            495       0.480719
0            496       0.451913
0            497        0.42285
0            498       0.393865
0            499       0.364945
0            500       0.336691
0            501       0.309332
0            502       0.282918
0            503       0.257303
0            504        0.23318
0            505       0.210311
0            506       0.188795
0            507       0.168863
0            508        0.15058
0            509       0.133927
0            510       0.118637
0            511       0.104694
0            512      0.0921081
0            513      0.0807821
0            514      0.0705422
0            515      0.0612982
0            516      0.0531026
0            517      0.0458752
0            518      0.0395486
0            519      0.0339976
0            520      0.0291907
0            521      0.0250127
0            522      0.0213951
0            523      0.0182456
0            524      0.0155364
0            525      0.0132241
0            526      0.0111784
0            527     0.00943018
0            528     0.00793892
0            529     0.00667782
0            530     0.00558728
0            531     0.00468347
0            532     0.00392112
0            533     0.00328727
0            534     0.00276052
0            535       0.002332
0            536      0.0019881
0            537     0.00170932
0            538     0.00148668
0            539     0.00131523
0            540     0.00118439
0            541     0.00108761
0            542    0.000999275
0            543     0.00091688
0            544     0.00083672
0            545       0.168331
0            546       0.112122
0            547      0.0596847
0            548      0.0155202
0            549     0.00283355
0            550    0.000546821
0            551    0.000307822
0            552     0.00018506
0            553    0.000178902
0            554        2.00662
0            555          1.328
0            556       0.736917
0            557       0.233001
0            558       0.051501
0            559     0.00934723
0            560     0.00350086
0            561      0.0012772
0            562    0.000522025
0            563        16.8746
0            564        11.9702
0            565        7.42582
0            566        2.95172
0            567       0.699491
0            568       0.129468
0            569      0.0344341
0            570      0.0117486
0            571     0.00238701
0            572        84.8224
0            573        66.4292
0            574         45.584
0            575        20.5326
0            576        5.42873
0            577       0.957893
0            578       0.230291
0            579      0.0652602
0            580      0.0154016
0            581        207.905
0            582        173.826
0            583        125.243
0            584        59.9165
0            585        16.3289
0            586        2.82417
0            587       0.660017
0            588       0.179747
0            589      0.0368523
0            590        221.715
0            591        186.479
0            592        134.608
0            593        64.4501
0            594        17.5373
0            595        2.98988
0            596       0.719078
0            597       0.194516
0            598      0.0411257
