0              0      0.0511588
0              1      0.0512908
0              2      0.0514192
0              3      0.0515537
0              4       0.051586
0              5       0.051639
0              6      0.0516016
0              7      0.0515941
0              8      0.0515488
0              9      0.0515426
0             10      0.0516173
0             11      0.0516494
0             12      0.0518201
0             13      0.0520556
0             14      0.0522551
0             15      0.0524915
0             16      0.0528903
0             17      0.0535725
0             18      0.0544957
0             19      0.0557772
0             20      0.0570764
0             21      0.0583772
0             22      0.0602236
0             23      0.0627056
0             24      0.0653124
0             25      0.0693399
0             26        0.07453
0             27      0.0811701
0             28      0.0942507
0             29        0.10845
0             30       0.128606
0             31       0.158665
0             32       0.193429
0             33       0.246603
0             34       0.342047
0             35        0.50384
0             36       0.746553
0             37        1.15485
0             38        1.76747
0             39        2.66184
0             40        3.83354
0             41        5.47543
0             42         8.0177
0             43        11.2628
0             44        16.0678
0             45        21.8198
0             46        28.9014
0             47        38.0525
0             48        48.0651
0             49        59.6542
0             50        71.3194
0             51        83.6029
0             52        95.5648
0             53        105.754
0             54        114.646
0             55        120.959
0             56        125.036
0             57        125.593
0             58        122.272
0             59         115.94
0             60        107.329
0             61        97.2088
0             62        85.1005
0             63        72.4344
0             64         60.051
0             65        49.1526
0             66        38.6057
0             67        29.5431
0             68        21.6093
0             69        15.9778
0             70        11.4028
0             71        8.12238
0             72         5.5963
0             73        3.83388
0             74          2.569
0             75        1.75461
0             76        1.20967
0             77        0.87025
0             78       0.648837
0             79       0.477719
0             80       0.377639
0             81       0.322645
0             82       0.287382
0             83         0.2704
0             84       0.257241
0             85       0.246958
0             86       0.240857
0             87       0.235562
0             88       0.231449
0             89       0.227599
0             90       0.224259
0             91      0.0194705
0             92      0.0194876
0             93      0.0193399
0             94        0.01911
0             95      0.0188222
0             96      0.0183698
0             97      0.0178684
0             98      0.0172723
0             99      0.0166163
0            100      0.0159424
0            101      0.0152368
0            102      0.0145663
0            103      0.0139151
0            104      0.0133731
0            105      0.0129541
0            106      0.0127652
0            107      0.0128744
0            108      0.0133096
0            109       0.014188
0            110      0.0155548
0            111      0.0174195
0            112      0.0198963
0            113      0.0231659
0            114      0.0268697
0            115      0.0317555
0            116      0.0378981
0            117      0.0457811
0            118       0.055756
0            119      0.0696008
0            120      0.0885904
0            121       0.113642
0            122       0.148039
0            123       0.194916
0            124       0.257092
0            125        0.34476
0            126       0.475889
0            127       0.659045
0            128       0.916071
0            129        1.29374
0            130        1.87482
0            131        2.71813
0            132        3.92282
0            133        5.50204
0            134        7.65372
0            135        10.4966
0            136        14.1534
0            137        18.6589
0            138        24.1475
0            139        30.5361
0            140        37.4851
0            141        45.1523
0            142        52.7842
0            143        60.1416
0            144        67.0985
0            145        72.8466
0            146         77.002
0            147        79.2697
0            148        79.2988
0            149        77.2521
0            150        73.0608
0            151        67.2665
0            152        60.4423
0            153        53.0579
0            154        45.1863
0            155        37.5861
0            156        30.4914
0            157        24.0882
0            158        18.5566
0            159        14.2565
0            160        10.6131
0            161          7.691
0            162        5.45589
0            163        3.85767
0            164        2.74227
0            165         1.9644
0            166         1.3965
0            167         1.0047
0            168       0.751415
0            169       0.591138
0            170       0.485353
0            171       0.413603
0            172       0.372066
0            173       0.346904
0            174       0.332913
0            175       0.326074
0            176       0.322439
0            177       0.320598
0            178       0.320006
0            179       0.319408
0            180       0.317569
0            181       0.314027
0            182     0.00236959
0            183     0.00235206
0            184      0.0022929
0            185     0.00218987
0            186     0.00204869
0            187     0.00188154
0            188     0.00169108
0            189     0.00148848
0            190     0.00130145
0            191      0.0011476
0            192     0.00103589
0            193    0.000967505
0            194    0.000941644
0            195     0.00097631
0            196     0.00107572
0            197     0.00123669
0            198     0.00146922
0            199     0.00178593
0            200     0.00221802
0            201     0.00278865
0            202     0.00357757
0            203     0.00464189
0            204      0.0061159
0            205     0.00817235
0            206        0.01089
0            207      0.0144278
0            208      0.0191756
0            209      0.0255279
0            210      0.0340739
0            211      0.0455192
0            212      0.0615979
0            213      0.0832314
0            214       0.112116
0            215       0.152673
0            216       0.208494
0            217       0.288103
0            218       0.399348
0            219       0.556667
0            220       0.777553
0            221        1.08259
0            222        1.50795
0            223        2.08992
0            224        2.88425
0            225        3.93654
0            226        5.30805
0            227        7.04898
0            228        9.20625
0            229        11.8018
0            230        14.7656
0            231        18.1052
0            232        21.7082
0            233        25.4575
0            234        29.0681
0            235        32.3893
0            236        35.1712
0            237         37.165
0            238         38.182
0            239        38.2037
0            240        37.1752
0            241        35.2588
0            242        32.5404
0            243        29.2536
0            244        25.6547
0            245        21.8728
0            246        18.2711
0            247        14.8293
0            248        11.8079
0            249        9.21289
0            250        7.03953
0            251        5.30534
0            252        3.94183
0            253        2.87551
0            254        2.08489
0            255         1.4965
0            256        1.07497
0            257       0.769555
0            258       0.554669
0            259       0.403048
0            260       0.298363
0            261       0.227449
0            262       0.181575
0            263       0.156979
0            264       0.153903
0            265       0.171193
0            266       0.206632
0            267       0.248672
0            268       0.289112
0            269       0.323832
0            270       0.349903
0            271       0.365672
0            272        0.36962
0            273    9.57049e-05
0            274    9.42694e-05
0            275    9.04576e-05
0            276    8.44369e-05
0            277    7.65566e-05
0            278     6.7699e-05
0            279    5.80364e-05
0            280    4.88557e-05
0            281    4.05424e-05
0            282    3.37345e-05
0            283    2.84579e-05
0            284    2.40008e-05
0            285    2.08163e-05
0            286     1.9393e-05
0            287    1.97208e-05
0            288    2.17713e-05
0            289    2.69405e-05
0            290    3.59116e-05
0            291    4.76316e-05
0            292     6.6402e-05
0            293    0.000101833
0            294    0.000162219
0            295    0.000250791
0            296    0.000387101
0            297    0.000618606
0            298    0.000959665
0            299      0.0014628
0            300      0.0022307
0            301     0.00344396
0            302     0.00535662
0            303      0.0082809
0            304      0.0127853
0            305      0.0196202
0            306      0.0298882
0            307      0.0453122
0            308      0.0682093
0            309        0.10202
0            310       0.151692
0            311       0.225241
0            312        0.33213
0            313       0.485218
0            314       0.699489
0            315       0.996986
0            316        1.40013
0            317        1.93366
0            318        2.62017
0            319         3.4755
0            320        4.51345
0            321        5.73223
0            322        7.10852
0            323        8.60148
0            324        10.1285
0            325        11.6213
0            326        12.9796
0            327        14.0984
0            328        14.8952
0            329         15.305
0            330        15.3108
0            331        14.9065
0            332        14.0942
0            333        12.9549
0            334        11.5862
0            335        10.0901
0            336        8.55823
0            337        7.06798
0            338        5.70367
0            339        4.49125
0            340        3.45913
0            341          2.615
0            342         1.9294
0            343        1.39809
0            344        0.99486
0            345       0.695811
0            346       0.482635
0            347       0.331144
0            348       0.224675
0            349       0.151643
0            350       0.101767
0            351      0.0680736
0            352       0.045656
0            353      0.0311329
0            354      0.0223263
0            355      0.0179406
0            356      0.0180094
0            357      0.0236672
0            358      0.0377885
0            359      0.0632843
0            360      0.0968649
0            361       0.127004
0            362       0.146885
0            363       0.153812
0            364     4.0266e-06
0            365    4.00823e-06
0            366    3.95623e-06
0            367    3.86759e-06
0            368    3.74364e-06
0            369    3.58817e-06
0            370    3.40087e-06
0            371    3.18586e-06
0            372    2.95843e-06
0            373     2.7093e-06
0            374    2.44171e-06
0            375    2.17161e-06
0            376    1.91436e-06
0            377    1.66739e-06
0            378    1.42837e-06
0            379    1.20789e-06
0            380    1.02272e-06
0            381    8.54253e-07
0            382    7.06812e-07
0            383    5.81188e-07
0            384     4.7347e-07
0            385    3.83157e-07
0            386    3.06693e-07
0            387    2.37811e-07
0            388    1.81687e-07
0            389    1.35875e-07
0            390     9.9101e-08
0            391    7.05319e-08
0            392    4.74461e-08
0            393    3.18785e-08
0            394    2.14103e-08
0            395    1.46961e-08
0            396     1.0509e-08
0            397    8.95021e-09
0            398    8.71519e-09
0            399    9.20109e-09
0            400    9.64261e-09
0            401    1.92842e-08
0            402    3.59508e-08
0            403    5.12258e-08
0            404    6.48856e-08
0            405    7.70047e-08
0            406    1.08007e-07
0            407    1.82255e-07
0            408    2.64587e-07
0            409    3.52246e-07
0            410    4.98734e-07
0            411    8.66983e-07
0            412    1.39079e-06
0            413    2.47863e-06
0            414    3.99279e-06
0            415    6.35425e-06
0            416    9.42351e-06
0            417    1.33089e-05
0            418    1.94463e-05
0            419    2.83678e-05
0            420    4.08663e-05
0            421    5.95648e-05
0            422    8.70237e-05
0            423    0.000124085
0            424    0.000175034
0            425    0.000248144
0            426    0.000348066
0            427    0.000478545
0            428    0.000655252
0            429    0.000908527
0            430     0.00125614
0            431     0.00172108
0            432     0.00233601
0            433     0.00316822
0            434     0.00429664
0            435     0.00578481
0            436     0.00775447
0            437      0.0103221
0            438      0.0137146
0            439      0.0180986
0            440      0.0237331
0            441      0.0308088
0            442      0.0399635
0            443      0.0514758
0            444      0.0658817
0            445      0.0838409
0            446       0.105978
0            447       0.133171
0            448       0.166291
0            449       0.206224
0            450       0.254026
0            451       0.310633
0            452       0.377516
0            453       0.454915
0            454       0.545406
0            455       0.649374
0            456       0.767027
0            457        0.90014
0            458        1.04763
0            459        1.21054
0            460         1.3886
0            461         1.5807
0            462        1.78461
0            463         1.9999
0            464        2.22666
0            465        2.45764
0            466        2.69306
0            467        2.92874
0            468        3.15851
0            469        3.38138
0            470         3.5893
0            471        3.78156
0            472        3.95143
0            473        4.09484
0            474        4.20867
0            475          4.293
0            476        4.34552
0            477        4.36211
0            478        4.34497
0            479        4.29181
0            480         4.2055
0            481        4.08857
0            482        3.94379
0            483        3.77639
0            484        3.58619
0            485        3.37923
0            486        3.15838
0            487        2.92863
0            488        2.69383
0            489        2.45924
0            490        2.22879
0            491        2.00216
0            492        1.78681
0            493        1.58009
0            494        1.38816
0            495        1.21026
0            496        1.04674
0            497       0.899249
0            498       0.767286
0            499       0.649384
0            500       0.545787
0            501       0.455636
0            502       0.377738
0            503       0.310531
0            504       0.253933
0            505       0.206113
0            506       0.165939
0            507          0.133
0            508       0.105824
0            509      0.0837502
0            510      0.0658383
0            511      0.0514497
0            512      0.0400218
0            513      0.0309294
0            514      0.0237654
0            515      0.0181223
0            516      0.0137707
0            517      0.0104194
0            518     0.00784397
0            519     0.00586158
0            520     0.00437522
0            521     0.00325486
0            522     0.00241844
0            523     0.00179883
0            524     0.00135188
0            525     0.00104733
0            526    0.000842004
0            527    0.000715995
0            528    0.000661661
0            529    0.000680104
0            530    0.000778779
0            531    0.000971208
0            532     0.00130526
0            533     0.00182575
0            534     0.00260132
0            535      0.0037206
0            536     0.00524769
0            537      0.0072016
0            538     0.00951685
0            539      0.0119483
0            540      0.0142203
0            541      0.0161395
0            542      0.0175926
0            543      0.0184846
0            544      0.0187925
0            545       0.988734
0            546       0.218024
0            547      0.0618947
0            548     0.00922334
0            549      0.0015837
0            550    0.000483743
0            551    0.000198902
0            552     9.0765e-05
0            553    3.41961e-05
0            554        4.60423
0            555        1.20987
0            556       0.405845
0            557      0.0618785
0            558     0.00348954
0            559    0.000493037
0            560     0.00020687
0            561    9.54009e-05
0            562    3.60448e-05
0            563         22.185
0            564         9.8274
0            565         4.6527
0            566        1.09776
0            567      0.0800932
0            568     0.00200711
0            569    0.000224981
0            570    0.000104919
0            571    3.89044e-05
0            572         86.075
0            573        58.5171
0            574        33.9326
0            575        9.99117
0            576       0.745402
0            577      0.0167658
0            578    0.000258233
0            579     0.00011677
0            580    4.30037e-05
0            581        159.967
0            582        128.292
0            583        78.3546
0            584        24.7833
0            585        1.96083
0            586      0.0360532
0            587     0.00201428
0            588    0.000135466
0            589    4.83987e-05
0            590        112.677
0            591        83.0457
0            592        49.0254
0            593        14.8084
0            594         1.1678
0            595       0.018813
0            596      0.0010954
0            597    0.000159026
0            598    5.48209e-05
