0              0       0.105167
0              1       0.113652
0              2       0.124356
0              3       0.139505
0              4       0.156083
0              5       0.172774
0              6       0.194873
0              7       0.231989
0              8       0.286148
0              9       0.380332
0             10       0.537164
0             11       0.788722
0             12        1.18602
0             13        1.84073
0             14         2.8757
0             15        4.44843
0             16        6.84758
0             17        10.1306
0             18        14.2655
0             19        20.2585
0             20        28.4526
0             21        38.7243
0             22        49.7046
0             23        62.7125
0             24        74.8611
0             25        86.1464
0             26        94.9125
0             27        100.872
0             28        102.413
0             29        100.059
0             30        93.9584
0             31        85.6491
0             32        74.2276
0             33        60.6607
0             34        48.1647
0             35        37.7671
0             36        28.6795
0             37        20.8395
0             38        14.3737
0             39        9.60028
0             40        6.42111
0             41        4.29246
0             42        2.72181
0             43        1.76796
0             44        1.15111
0             45       0.764882
0             46       0.487794
0             47       0.321019
0             48       0.248356
0             49       0.197264
0             50       0.155555
0             51       0.125947
0             52       0.102637
0             53      0.0879988
0             54      0.0773347
0             55      0.0702292
0             56      0.0640065
0             57       0.058467
0             58      0.0539383
0             59      0.0496862
0             60      0.0462415
0             61       0.042993
0             62       0.039877
0             63      0.0371422
0             64      0.0345748
0             65      0.0323628
0             66      0.0303736
0             67       0.028902
0             68      0.0274341
0             69      0.0261745
0             70      0.0250553
0             71      0.0241343
0             72       0.023241
0             73      0.0224319
0             74      0.0217266
0             75      0.0210742
0             76      0.0205249
0             77      0.0199849
0             78      0.0194639
0             79      0.0190182
0             80      0.0186238
0             81      0.0182444
0             82      0.0178926
0             83      0.0175878
0             84      0.0173095
0             85      0.0170731
0             86      0.0168342
0             87      0.0166312
0             88      0.0164482
0             89      0.0162854
0             90      0.0161405
0             91       0.151807
0             92       0.163729
0             93       0.178596
0             94       0.197009
0             95       0.219819
0             96       0.248601
0             97       0.282403
0             98       0.328588
0             99       0.395417
0            100       0.493807
0            101       0.645383
0            102       0.882158
0            103        1.21778
0            104        1.71863
0            105         2.4732
0            106        3.60982
0            107        5.26913
0            108        7.66689
0            109        11.0368
0            110        15.4357
0            111        21.0338
0            112        27.8756
0            113        35.9821
0            114        44.5694
0            115        53.6998
0            116        62.3419
0            117        69.0912
0            118        73.4734
0            119        75.0167
0            120        73.6993
0            121        69.1602
0            122        62.0974
0            123        53.6081
0            124        44.7816
0            125        36.0997
0            126        27.7692
0            127        20.8988
0            128         15.335
0            129        10.9251
0            130        7.58492
0            131         5.2129
0            132        3.53062
0            133        2.44155
0            134        1.65581
0            135        1.14106
0            136       0.816778
0            137       0.597265
0            138       0.447823
0            139       0.339781
0            140         0.2626
0            141       0.206606
0            142       0.166681
0            143       0.137402
0            144       0.113358
0            145      0.0937446
0            146      0.0783523
0            147      0.0661766
0            148      0.0563908
0            149      0.0482511
0            150      0.0413696
0            151      0.0355603
0            152      0.0308925
0            153       0.027026
0            154      0.0235573
0            155      0.0206719
0            156        0.01824
0            157      0.0162455
0            158      0.0145098
0            159      0.0131032
0            160      0.0119654
0            161      0.0109738
0            162      0.0101204
0            163      0.0094072
0            164     0.00883725
0            165     0.00837442
0            166     0.00803559
0            167     0.00777275
0            168     0.00755431
0            169     0.00738081
0            170     0.00725217
0            171      0.0071402
0            172     0.00705859
0            173     0.00697357
0            174     0.00690037
0            175     0.00683256
0            176     0.00675543
0            177     0.00668504
0            178     0.00660901
0            179     0.00653352
0            180     0.00646343
0            181     0.00637077
0            182       0.231117
0            183       0.239107
0            184       0.244923
0            185       0.249745
0            186       0.255601
0            187       0.264213
0            188       0.278319
0            189        0.30243
0            190       0.341887
0            191       0.406713
0            192       0.506682
0            193       0.654758
0            194        0.86682
0            195        1.17403
0            196         1.6198
0            197        2.26185
0            198        3.15638
0            199        4.37815
0            200        6.07026
0            201        8.28328
0            202        11.1494
0            203        14.6023
0            204        18.5949
0            205        23.0551
0            206         27.526
0            207        31.6951
0            208        35.1904
0            209        37.4487
0            210        38.3162
0            211        37.5349
0            212        35.2544
0            213        31.8047
0            214        27.6531
0            215        23.0887
0            216        18.6563
0            217        14.6011
0            218        11.1125
0            219        8.26453
0            220        6.04822
0            221        4.37289
0            222        3.12783
0            223        2.24472
0            224        1.62231
0            225        1.18264
0            226       0.866252
0            227       0.642858
0            228       0.483721
0            229       0.366718
0            230        0.28177
0            231       0.217494
0            232       0.169378
0            233       0.132792
0            234       0.104999
0            235      0.0837943
0            236      0.0667224
0            237      0.0531155
0            238      0.0423587
0            239      0.0340107
0            240      0.0274693
0            241      0.0223582
0            242      0.0183418
0            243      0.0150818
0            244       0.012389
0            245      0.0101252
0            246     0.00830632
0            247     0.00680374
0            248     0.00562209
0            249     0.00467431
0            250     0.00388602
0            251     0.00325157
0            252     0.00271544
0            253     0.00226753
0            254     0.00191436
0            255     0.00162441
0            256     0.00138437
0            257     0.00118419
0            258     0.00102157
0            259    0.000898055
0            260     0.00080626
0            261     0.00074396
0            262    0.000707201
0            263    0.000691554
0            264    0.000697691
0            265    0.000723092
0            266    0.000756295
0            267     0.00078612
0            268     0.00081197
0            269    0.000831696
0            270    0.000842318
0            271    0.000842161
0            272    0.000833166
0            273       0.326305
0            274       0.315605
0            275       0.279913
0            276       0.223969
0            277       0.157373
0            278       0.102168
0            279      0.0815091
0            280      0.0873706
0            281       0.109818
0            282       0.145783
0            283       0.197318
0            284       0.269318
0            285       0.369252
0            286       0.506645
0            287       0.698652
0            288       0.967715
0            289        1.34222
0            290        1.85434
0            291        2.54503
0            292        3.46676
0            293        4.64261
0            294        6.09131
0            295        7.79871
0            296        9.67078
0            297        11.6263
0            298        13.4673
0            299        14.9597
0            300        15.9481
0            301        16.2955
0            302        15.9592
0            303        14.9693
0            304        13.4537
0            305        11.6244
0            306        9.67668
0            307        7.77679
0            308         6.0807
0            309        4.63972
0            310        3.47314
0            311        2.55454
0            312        1.85591
0            313        1.34142
0            314       0.965292
0            315       0.695903
0            316       0.503847
0            317       0.366905
0            318       0.268088
0            319       0.196612
0            320       0.144939
0            321       0.106754
0            322      0.0784615
0            323      0.0578848
0            324      0.0426441
0            325      0.0314973
0            326      0.0233677
0            327      0.0173201
0            328      0.0128044
0            329     0.00946587
0            330     0.00699571
0            331     0.00516864
0            332      0.0038004
0            333     0.00279424
0            334     0.00205923
0            335     0.00151944
0            336     0.00111912
0            337     0.00083103
0            338    0.000620733
0            339    0.000463095
0            340    0.000343877
0            341    0.000253452
0            342    0.000187994
0            343    0.000142448
0            344    0.000108666
0            345    8.33864e-05
0            346    6.47181e-05
0            347    5.22612e-05
0            348    4.13078e-05
0            349    3.36461e-05
0            350     2.6004e-05
0            351    1.97571e-05
0            352    1.49807e-05
0            353    1.15065e-05
0            354    9.28008e-06
0            355    7.89544e-06
0            356    7.20036e-06
0            357    6.89737e-06
0            358    6.91054e-06
0            359    6.93553e-06
0            360    7.05743e-06
0            361    7.19893e-06
0            362    7.35769e-06
0            363    7.97246e-06
0            364       0.115875
0            365       0.113183
0            366       0.105289
0            367      0.0925359
0            368      0.0759934
0            369      0.0570416
0            370      0.0382012
0            371      0.0229819
0            372      0.0131364
0            373      0.0077257
0            374     0.00517059
0            375     0.00423862
0            376     0.00420813
0            377     0.00472511
0            378     0.00564317
0            379     0.00693446
0            380     0.00862901
0            381       0.010798
0            382      0.0135034
0            383      0.0168986
0            384       0.021115
0            385      0.0264195
0            386      0.0330627
0            387      0.0412965
0            388      0.0515123
0            389      0.0641125
0            390       0.079648
0            391      0.0988417
0            392       0.122464
0            393       0.151505
0            394       0.187324
0            395       0.230996
0            396       0.284162
0            397        0.34874
0            398       0.426798
0            399       0.519826
0            400        0.63029
0            401       0.761912
0            402       0.915191
0            403        1.09468
0            404        1.30017
0            405        1.53305
0            406        1.79642
0            407        2.08522
0            408        2.39974
0            409        2.73882
0            410        3.09621
0            411        3.46175
0            412        3.82993
0            413        4.19372
0            414        4.53828
0            415        4.85387
0            416        5.13293
0            417        5.35852
0            418         5.5282
0            419        5.63068
0            420        5.66457
0            421        5.62842
0            422        5.52478
0            423        5.35732
0            424        5.13062
0            425        4.85249
0            426        4.53603
0            427        4.19263
0            428        3.83157
0            429        3.46301
0            430        3.09643
0            431        2.74074
0            432        2.40329
0            433          2.086
0            434        1.79571
0            435        1.53565
0            436        1.30175
0            437        1.09648
0            438        0.91704
0            439       0.763299
0            440       0.631071
0            441         0.5205
0            442       0.427058
0            443       0.349231
0            444       0.284864
0            445       0.231318
0            446       0.187689
0            447       0.152008
0            448       0.122779
0            449      0.0990382
0            450      0.0798035
0            451      0.0642683
0            452      0.0516613
0            453      0.0415602
0            454       0.033336
0            455       0.026668
0            456      0.0213454
0            457      0.0170283
0            458      0.0135852
0            459      0.0108423
0            460     0.00864752
0            461     0.00688424
0            462     0.00547832
0            463     0.00435902
0            464     0.00345674
0            465      0.0027417
0            466     0.00217296
0            467     0.00172782
0            468     0.00137912
0            469     0.00109543
0            470    0.000869204
0            471    0.000690606
0            472    0.000550484
0            473    0.000438646
0            474    0.000352992
0            475    0.000284034
0            476    0.000229536
0            477    0.000183773
0            478    0.000145948
0            479    0.000115006
0            480    8.98733e-05
0            481    7.02699e-05
0            482     5.4301e-05
0            483    4.17214e-05
0            484    3.19672e-05
0            485    2.43619e-05
0            486    1.87289e-05
0            487    1.47754e-05
0            488    1.13859e-05
0            489    8.51741e-06
0            490     6.1874e-06
0            491     4.6106e-06
0            492    3.45174e-06
0            493    2.41444e-06
0            494    1.52218e-06
0            495    1.01859e-06
0            496     6.7272e-07
0            497     5.1374e-07
0            498    5.07373e-07
0            499    5.04254e-07
0            500    4.76314e-07
0            501    4.32601e-07
0            502    3.94439e-07
0            503    3.46559e-07
0            504    2.99835e-07
0            505    2.37672e-07
0            506    1.67559e-07
0            507    1.24384e-07
0            508    8.89755e-08
0            509     1.2227e-07
0            510    1.45061e-07
0            511    1.57208e-07
0            512    1.58259e-07
0            513    1.48272e-07
0            514    1.27301e-07
0            515    9.54598e-08
0            516    5.25574e-08
0            517              0
0            518              0
0            519              0
0            520              0
0            521              0
0            522              0
0            523              0
0            524              0
0            525              0
0            526              0
0            527              0
0            528              0
0            529              0
0            530              0
0            531              0
0            532              0
0            533              0
0            534              0
0            535              0
0            536              0
0            537              0
0            538              0
0            539              0
0            540              0
0            541              0
0            542              0
0            543              0
0            544              0
0            545        155.052
0            546         132.22
0            547         74.559
0            548        18.2509
0            549       0.722162
0            550     0.00402167
0            551    3.42054e-05
0            552    2.59933e-06
0            553    3.46084e-07
0            554        87.0149
0            555         60.877
0            556        31.6579
0            557        7.13444
0            558       0.281231
0            559     0.00374344
0            560    1.20206e-05
0            561    1.71463e-06
0            562    2.87735e-07
0            563        20.4178
0            564         7.5418
0            565        2.92907
0            566       0.491158
0            567      0.0133808
0            568    0.000156606
0            569    1.10438e-05
0            570    1.42248e-06
0            571    2.37027e-07
0            572        4.87981
0            573        1.02717
0            574       0.298942
0            575      0.0353079
0            576     0.00127064
0            577    4.84654e-05
0            578    7.45836e-06
0            579    1.16553e-06
0            580    1.94447e-07
0            581        1.43564
0            582       0.267212
0            583       0.072132
0            584     0.00943607
0            585    0.000551408
0            586    3.21823e-05
0            587    6.23446e-06
0            588     9.7071e-07
0            589    1.65956e-07
0            590       0.448154
0            591      0.0883478
0            592      0.0251704
0            593      0.0036102
0            594    0.000277176
0            595    2.17907e-05
0            596     4.9036e-06
0            597    8.66501e-07
0            598    1.43562e-07
