0              0    0.000966288
0              1       0.001157
0              2     0.00139095
0              3     0.00167563
0              4     0.00202478
0              5     0.00244952
0              6     0.00297265
0              7     0.00361577
0              8     0.00440003
0              9     0.00536753
0             10     0.00655884
0             11     0.00802172
0             12     0.00983143
0             13       0.012068
0             14      0.0148272
0             15      0.0182757
0             16      0.0225704
0             17      0.0279265
0             18      0.0346757
0             19      0.0432191
0             20      0.0541787
0             21      0.0682707
0             22      0.0866333
0             23       0.111041
0             24       0.143359
0             25       0.187118
0             26       0.246925
0             27        0.32873
0             28       0.442004
0             29       0.598691
0             30       0.817201
0             31        1.12028
0             32        1.53617
0             33        2.10798
0             34        2.88897
0             35         3.9414
0             36        5.34707
0             37        7.20412
0             38        9.61476
0             39        12.7245
0             40         16.688
0             41        21.6134
0             42        27.6768
0             43        35.0414
0             44        43.8508
0             45        54.0989
0             46        65.8855
0             47        79.2881
0             48        94.0822
0             49        110.121
0             50        127.089
0             51        144.762
0             52        162.554
0             53        179.888
0             54        196.344
0             55        211.263
0             56        224.048
0             57        234.232
0             58        241.352
0             59        245.097
0             60        245.322
0             61         241.98
0             62        235.262
0             63        225.424
0             64        212.925
0             65        198.183
0             66        181.865
0             67        164.585
0             68        146.722
0             69        129.077
0             70        111.967
0             71        95.7383
0             72        80.7964
0             73        67.2543
0             74         55.257
0             75        44.7727
0             76        35.8072
0             77        28.3238
0             78        22.1216
0             79        17.0765
0             80        13.0486
0             81        9.86574
0             82        7.39091
0             83        5.49807
0             84        4.05506
0             85        2.97257
0             86        2.17367
0             87        1.58397
0             88        1.15354
0             89       0.840285
0             90       0.615466
0             91     4.9845e-06
0             92    7.03233e-06
0             93    9.95838e-06
0             94    1.41445e-05
0             95     2.0145e-05
0             96    2.87592e-05
0             97    4.11852e-05
0             98     5.9008e-05
0             99    8.46922e-05
0            100    0.000121789
0            101    0.000175372
0            102    0.000252636
0            103    0.000364316
0            104    0.000525188
0            105    0.000757641
0            106     0.00109159
0            107     0.00157269
0            108     0.00226355
0            109      0.0032532
0            110     0.00466933
0            111     0.00669049
0            112     0.00956163
0            113      0.0136375
0            114      0.0193715
0            115      0.0274916
0            116      0.0388615
0            117      0.0548006
0            118       0.077113
0            119       0.108259
0            120       0.151769
0            121       0.212455
0            122       0.297176
0            123       0.415808
0            124       0.582099
0            125       0.814396
0            126        1.13942
0            127        1.59248
0            128        2.22168
0            129        3.08839
0            130        4.27359
0            131        5.88013
0            132        8.02053
0            133        10.8535
0            134        14.5168
0            135        19.2082
0            136        25.0791
0            137        32.2872
0            138        40.9586
0            139        51.1126
0            140        62.7737
0            141        75.7412
0            142        89.8355
0            143        104.599
0            144        119.563
0            145        134.152
0            146        147.696
0            147        159.525
0            148        169.028
0            149        175.673
0            150        179.094
0            151        179.084
0            152        175.659
0            153        169.007
0            154        159.522
0            155        147.716
0            156        134.223
0            157        119.702
0            158        104.746
0            159        90.0585
0            160        75.9954
0            161        63.0292
0            162        51.3782
0            163        41.1927
0            164        32.5121
0            165        25.2746
0            166        19.3756
0            167        14.6659
0            168        10.9643
0            169        8.11111
0            170        5.94621
0            171        4.32531
0            172        3.12608
0            173        2.24818
0            174        1.61166
0            175        1.15253
0            176        0.82227
0            177         0.5867
0            178       0.417963
0            179       0.297792
0            180       0.211792
0            181       0.150472
0            182    7.91414e-11
0            183    1.50238e-10
0            184    2.86445e-10
0            185     5.4797e-10
0            186     1.0494e-09
0            187     2.0154e-09
0            188    3.87318e-09
0            189    7.44944e-09
0            190    1.43399e-08
0            191    2.75441e-08
0            192    5.28337e-08
0            193    1.01151e-07
0            194    1.93207e-07
0            195    3.67479e-07
0            196     6.9655e-07
0            197    1.31413e-06
0            198    2.46888e-06
0            199    4.61333e-06
0            200    8.57915e-06
0            201    1.58479e-05
0            202     2.9105e-05
0            203    5.31304e-05
0            204    9.63351e-05
0            205    0.000173638
0            206    0.000310547
0            207    0.000551935
0            208    0.000974278
0            209     0.00170604
0            210     0.00296747
0            211     0.00512306
0            212      0.0087676
0            213       0.014886
0            214      0.0250386
0            215      0.0416892
0            216      0.0687645
0            217       0.112191
0            218        0.18093
0            219       0.288224
0            220       0.453832
0            221        0.70484
0            222        1.07959
0            223        1.63028
0            224        2.42178
0            225        3.54129
0            226        5.08585
0            227        7.17084
0            228        9.91525
0            229        13.4355
0            230        17.8324
0            231         23.151
0            232        29.4139
0            233        36.5293
0            234        44.3381
0            235        52.5847
0            236        60.8827
0            237        68.8231
0            238        75.9406
0            239        81.7809
0            240        85.9392
0            241        88.1323
0            242        88.1951
0            243        86.1378
0            244        82.0924
0            245        76.3565
0            246        69.3226
0            247        61.4204
0            248        53.1253
0            249        44.8734
0            250        37.0081
0            251        29.8278
0            252        23.4955
0            253        18.1001
0            254         13.647
0            255        10.0708
0            256        7.28293
0            257        5.16457
0            258        3.59386
0            259        2.45589
0            260        1.65015
0            261        1.09021
0            262       0.709567
0            263       0.455532
0            264       0.288854
0            265       0.180951
0            266       0.112302
0            267      0.0690777
0            268       0.042113
0            269      0.0254873
0            270      0.0152814
0            271     0.00908827
0            272     0.00535913
0            273    1.14638e-19
0            274    4.22809e-19
0            275    1.64779e-18
0            276    6.73701e-18
0            277    2.84732e-17
0            278    1.22549e-16
0            279    5.28569e-16
0            280    2.26398e-15
0            281    9.52842e-15
0            282    3.91834e-14
0            283    1.56433e-13
0            284    6.05126e-13
0            285    2.25825e-12
0            286    8.12464e-12
0            287    2.80931e-11
0            288    9.32374e-11
0            289    2.96721e-10
0            290    9.04446e-10
0            291    2.64072e-09
0            292    7.39176e-09
0            293    1.98315e-08
0            294    5.10921e-08
0            295    1.26764e-07
0            296    3.04093e-07
0            297    7.07028e-07
0            298    1.60122e-06
0            299    3.55188e-06
0            300    7.74435e-06
0            301    1.66601e-05
0            302    3.55183e-05
0            303    7.52616e-05
0            304     0.00015877
0            305    0.000333668
0            306    0.000697645
0            307     0.00144501
0            308     0.00295242
0            309     0.00592299
0            310      0.0116251
0            311      0.0222358
0            312      0.0414372
0            313         0.0751
0            314       0.132427
0            315       0.227142
0            316       0.378895
0            317       0.614619
0            318       0.969647
0            319        1.48706
0            320        2.21584
0            321        3.20687
0            322        4.50441
0            323        6.13779
0            324        8.10897
0            325        10.3897
0            326        12.9057
0            327        15.5467
0            328        18.1602
0            329        20.5744
0            330        22.6009
0            331        24.0687
0            332         24.841
0            333        24.8422
0            334          24.07
0            335        22.5977
0            336        20.5607
0            337        18.1293
0            338        15.4915
0            339        12.8316
0            340        10.2987
0            341        8.00799
0            342        6.03623
0            343        4.41171
0            344          3.128
0            345        2.15323
0            346        1.44105
0            347       0.938253
0            348       0.594636
0            349       0.367003
0            350       0.220601
0            351       0.129221
0            352      0.0739759
0            353      0.0415576
0            354      0.0230569
0            355      0.0126826
0            356     0.00691504
0            357     0.00370463
0            358     0.00192716
0            359    0.000960383
0            360    0.000454875
0            361    0.000204283
0            362    8.73351e-05
0            363    3.58093e-05
0            364     6.9039e-35
0            365     2.0268e-34
0            366    5.95554e-34
0            367    1.74827e-33
0            368    5.12713e-33
0            369    1.50011e-32
0            370    4.38982e-32
0            371    1.28247e-31
0            372    3.73999e-31
0            373    1.08697e-30
0            374    3.15009e-30
0            375    9.11353e-30
0            376    2.62483e-29
0            377    7.53488e-29
0            378    2.15589e-28
0            379    6.14545e-28
0            380    1.74267e-27
0            381    4.92435e-27
0            382    1.38257e-26
0            383    3.87204e-26
0            384    1.07849e-25
0            385    2.98864e-25
0            386    8.24554e-25
0            387    2.26843e-24
0            388    6.21733e-24
0            389    1.70236e-23
0            390    4.66501e-23
0            391    1.28186e-22
0            392    3.54645e-22
0            393    9.90269e-22
0            394    2.80508e-21
0            395    8.08263e-21
0            396    2.37306e-20
0            397    7.10746e-20
0            398    2.16992e-19
0            399    6.72888e-19
0            400    2.11065e-18
0            401     6.6613e-18
0            402    2.10993e-17
0            403    6.67815e-17
0            404     2.1063e-16
0            405    6.61226e-16
0            406    2.06061e-15
0            407    6.38079e-15
0            408    1.95782e-14
0            409    5.94978e-14
0            410    1.79043e-13
0            411     5.3298e-13
0            412    1.56813e-12
0            413    4.54594e-12
0            414    1.29949e-11
0            415     3.6529e-11
0            416     1.0095e-10
0            417    2.73817e-10
0            418     7.2761e-10
0            419    1.89418e-09
0            420    4.82174e-09
0            421    1.19817e-08
0            422    2.90275e-08
0            423    6.85233e-08
0            424    1.57256e-07
0            425    3.50347e-07
0            426    7.56665e-07
0            427    1.58253e-06
0            428    3.19786e-06
0            429    6.24384e-06
0            430    1.17544e-05
0            431    2.13457e-05
0            432    3.73529e-05
0            433    6.30889e-05
0            434    0.000102848
0            435    0.000162357
0            436    0.000248758
0            437    0.000371483
0            438    0.000543661
0            439     0.00078352
0            440     0.00111812
0            441     0.00158623
0            442     0.00224292
0            443     0.00316542
0            444     0.00445991
0            445     0.00626955
0            446     0.00878806
0            447      0.0122708
0            448      0.0170589
0            449      0.0235772
0            450      0.0323543
0            451       0.044052
0            452      0.0594239
0            453      0.0793588
0            454       0.104862
0            455       0.137078
0            456       0.177303
0            457       0.226929
0            458       0.287498
0            459       0.360547
0            460       0.447899
0            461       0.551227
0            462       0.672117
0            463       0.812192
0            464       0.972843
0            465        1.15531
0            466        1.36009
0            467        1.58735
0            468         1.8364
0            469        2.10546
0            470        2.39152
0            471        2.69118
0            472        2.99913
0            473        3.31063
0            474        3.61922
0            475        3.91825
0            476        4.20151
0            477        4.46241
0            478        4.69451
0            479        4.89223
0            480         5.0505
0            481        5.16517
0            482        5.23334
0            483        5.25317
0            484        5.22444
0            485        5.14781
0            486        5.02521
0            487        4.86022
0            488        4.65677
0            489        4.41978
0            490        4.15515
0            491        3.86936
0            492        3.56872
0            493        3.26016
0            494        2.95039
0            495        2.64519
0            496        2.35037
0            497        2.06974
0            498        1.80708
0            499        1.56449
0            500        1.34313
0            501        1.14322
0            502       0.964499
0            503       0.806622
0            504       0.668367
0            505       0.548757
0            506        0.44638
0            507       0.359789
0            508       0.287441
0            509       0.227576
0            510       0.178584
0            511       0.138877
0            512       0.106986
0            513      0.0815773
0            514      0.0615265
0            515      0.0458658
0            516      0.0337713
0            517      0.0245399
0            518      0.0175998
0            519      0.0124544
0            520     0.00870753
0            521     0.00602229
0            522     0.00413038
0            523     0.00281494
0            524     0.00191042
0            525     0.00129027
0            526    0.000865658
0            527    0.000574607
0            528    0.000374856
0            529    0.000239042
0            530    0.000148096
0            531    8.87826e-05
0            532    5.13692e-05
0            533    2.86464e-05
0            534    1.53954e-05
0            535    7.99199e-06
0            536    4.01804e-06
0            537    1.96491e-06
0            538    9.39208e-07
0            539    4.41647e-07
0            540    2.05634e-07
0            541    9.51646e-08
0            542     4.3985e-08
0            543    2.03433e-08
0            544    9.42286e-09
0            545       0.247591
0            546       0.230097
0            547       0.201762
0            548       0.165452
0            549       0.126634
0            550      0.0913996
0            551      0.0631441
0            552      0.0427458
0            553      0.0287796
0            554      0.0191672
0            555      0.0127778
0            556     0.00832912
0            557     0.00535652
0            558     0.00337821
0            559     0.00228849
0            560     0.00157339
0            561     0.00109793
0            562    0.000753238
0            563    0.000508404
0            564    0.000353425
0            565    0.000230153
0            566    0.000154463
0            567    0.000108051
0            568     8.2414e-05
0            569    6.22847e-05
0            570    4.59641e-05
0            571    3.16491e-05
0            572    1.73534e-05
0            573    1.31639e-05
0            574    1.15658e-05
0            575    9.50415e-06
0            576     6.9609e-06
0            577    4.39659e-06
0            578    2.73281e-06
0            579    1.71353e-06
0            580    1.18547e-06
0            581    1.49329e-06
0            582    1.66958e-06
0            583    1.76885e-06
0            584    1.55735e-06
0            585    1.00384e-06
0            586    1.42599e-07
0            587    8.28961e-08
0            588    6.51811e-08
0            589    5.78607e-08
0            590    4.94114e-08
0            591    3.30108e-07
0            592    7.27867e-07
0            593    9.91121e-07
0            594    1.08986e-06
0            595    1.02297e-06
0            596    7.92181e-07
0            597    3.96841e-07
0            598    2.62437e-08
0            599    3.28886e-09
0            600    2.87283e-09
0            601    2.62954e-09
0            602    4.13612e-09
0            603    5.76348e-09
0            604    6.40895e-09
0            605    6.40113e-09
0            606    5.37588e-09
0            607    3.30891e-09
0            608    4.66856e-10
0            609    4.55663e-10
0            610    5.75191e-10
0            611    3.41169e-08
0            612    5.81184e-08
0            613    7.25441e-08
0            614    7.74391e-08
0            615          2.824
0            616        2.60881
0            617        2.25477
0            618        1.80706
0            619        1.35112
0            620        0.96295
0            621       0.665919
0            622       0.454473
0            623       0.310407
0            624       0.213829
0            625       0.148714
0            626        0.10244
0            627      0.0696454
0            628      0.0483049
0            629      0.0353252
0            630       0.026465
0            631      0.0199449
0            632      0.0149268
0            633      0.0111018
0            634     0.00850443
0            635     0.00603371
0            636     0.00424521
0            637     0.00308679
0            638     0.00264535
0            639     0.00222563
0            640     0.00180021
0            641     0.00134612
0            642    0.000789499
0            643    0.000605527
0            644    0.000559198
0            645    0.000481256
0            646    0.000366815
0            647    0.000254297
0            648    0.000173148
0            649    0.000113983
0            650    7.35884e-05
0            651    8.34451e-05
0            652    8.80912e-05
0            653     9.3895e-05
0            654     8.3343e-05
0            655    5.48786e-05
0            656    1.05311e-05
0            657      6.434e-06
0            658    4.43399e-06
0            659    3.69194e-06
0            660     2.8045e-06
0            661    1.07489e-05
0            662    2.22145e-05
0            663    3.11364e-05
0            664    3.49101e-05
0            665    3.33512e-05
0            666     2.6484e-05
0            667      1.425e-05
0            668    2.24876e-06
0            669    3.72808e-07
0            670    3.55162e-07
0            671    3.49033e-07
0            672    6.47717e-07
0            673    9.64984e-07
0            674    1.08968e-06
0            675      1.081e-06
0            676    8.92445e-07
0            677    5.30168e-07
0            678    3.54407e-08
0            679    3.61026e-08
0            680    4.23566e-08
0            681    2.61049e-07
0            682    4.16347e-07
0            683    5.05116e-07
0            684    5.29385e-07
0            685        23.6544
0            686        22.1471
0            687        19.5199
0            688        16.0461
0            689        12.4942
0            690        9.33918
0            691        6.78504
0            692        4.87342
0            693        3.51813
0            694        2.58247
0            695        1.91122
0            696        1.40284
0            697        1.02774
0            698       0.765049
0            699       0.582604
0            700       0.447622
0            701        0.34159
0            702       0.259084
0            703       0.201095
0            704       0.156107
0            705       0.118245
0            706      0.0862044
0            707      0.0623332
0            708      0.0508658
0            709      0.0418385
0            710      0.0340792
0            711      0.0266826
0            712      0.0180196
0            713      0.0130566
0            714       0.010883
0            715     0.00908153
0            716     0.00698619
0            717     0.00540786
0            718     0.00417402
0            719     0.00303537
0            720     0.00193762
0            721     0.00159237
0            722     0.00134432
0            723     0.00136069
0            724     0.00121002
0            725    0.000866726
0            726     0.00035582
0            727    0.000242706
0            728    0.000151696
0            729    0.000115293
0            730    8.17077e-05
0            731    0.000108409
0            732    0.000155379
0            733    0.000213228
0            734    0.000241924
0            735    0.000238381
0            736    0.000200255
0            737    0.000125754
0            738    4.55771e-05
0            739    1.51128e-05
0            740    1.51965e-05
0            741    1.53185e-05
0            742    2.64346e-05
0            743    3.78528e-05
0            744    4.18035e-05
0            745    4.06306e-05
0            746    3.30373e-05
0            747    1.95408e-05
0            748    1.30172e-06
0            749    1.49456e-06
0            750    1.82825e-06
0            751    2.26811e-06
0            752    2.41277e-06
0            753    2.21747e-06
0            754    1.74374e-06
0            755        120.073
0            756        114.707
0            757        104.195
0            758        88.9133
0            759        72.6317
0            760        56.7791
0            761        42.9246
0            762        32.0415
0            763        23.8989
0            764        17.9896
0            765        13.5963
0            766         10.231
0            767        7.72964
0            768        5.87208
0            769        4.49113
0            770        3.44682
0            771        2.63131
0            772        2.00069
0            773        1.54716
0            774        1.18712
0            775       0.905058
0            776       0.674808
0            777       0.499762
0            778       0.388108
0            779       0.302273
0            780       0.235415
0            781       0.183686
0            782       0.135427
0            783      0.0996516
0            784      0.0793243
0            785       0.064536
0            786       0.049001
0            787      0.0388768
0            788       0.031119
0            789      0.0242808
0            790      0.0165381
0            791      0.0118424
0            792     0.00857666
0            793     0.00777158
0            794     0.00693493
0            795     0.00568995
0            796     0.00406607
0            797     0.00294683
0            798     0.00184185
0            799     0.00131526
0            800    0.000910722
0            801    0.000797208
0            802    0.000702882
0            803     0.00068273
0            804    0.000636217
0            805    0.000583306
0            806    0.000498548
0            807    0.000376399
0            808    0.000257523
0            809    0.000178583
0            810    0.000187133
0            811    0.000191152
0            812    0.000253747
0            813    0.000304805
0            814    0.000310828
0            815    0.000285689
0            816    0.000226322
0            817    0.000138439
0            818     2.3797e-05
0            819     2.8201e-05
0            820    3.06134e-05
0            821    3.28779e-05
0            822    3.05462e-05
0            823    2.34568e-05
0            824    1.28594e-05
0            825        295.581
0            826        286.441
0            827        265.362
0            828        231.344
0            829        193.361
0            830        153.876
0            831        118.129
0            832        89.3284
0            833        67.3461
0            834        50.8562
0            835        38.5163
0            836        29.2218
0            837        22.2868
0            838        17.0783
0            839         13.062
0            840        10.0325
0            841        7.67421
0            842        5.87236
0            843        4.52135
0            844         3.4327
0            845         2.6002
0            846        1.96026
0            847        1.46801
0            848         1.1155
0            849       0.837632
0            850       0.629516
0            851       0.479302
0            852       0.368244
0            853       0.288735
0            854        0.23473
0            855       0.189373
0            856       0.142184
0            857       0.107214
0            858      0.0806861
0            859      0.0635909
0            860      0.0469646
0            861      0.0353166
0            862      0.0255499
0            863      0.0208634
0            864      0.0183316
0            865      0.0162695
0            866      0.0140289
0            867      0.0110485
0            868     0.00768267
0            869     0.00518076
0            870     0.00335307
0            871     0.00306552
0            872     0.00269198
0            873      0.0024015
0            874     0.00193774
0            875     0.00142629
0            876     0.00101907
0            877    0.000807901
0            878    0.000710958
0            879    0.000656387
0            880    0.000701349
0            881    0.000728892
0            882    0.000741457
0            883    0.000662066
0            884     0.00057929
0            885    0.000453879
0            886    0.000337336
0            887    0.000238776
0            888     0.00012676
0            889     0.00013897
0            890    0.000134143
0            891    0.000140376
0            892    0.000127134
0            893    9.25887e-05
0            894    4.29733e-05
0            895         315.07
0            896        305.673
0            897        283.466
0            898        247.185
0            899        206.707
0            900        164.592
0            901         126.48
0            902           95.7
0            903        72.1639
0            904        54.4278
0            905        41.2764
0            906        31.3832
0            907        23.9548
0            908        18.3611
0            909        14.0628
0            910        10.7817
0            911         8.1929
0            912        6.25919
0            913        4.80279
0            914        3.65239
0            915        2.79322
0            916        2.14541
0            917        1.63068
0            918        1.24531
0            919       0.922199
0            920       0.679489
0            921       0.508505
0            922       0.392158
0            923       0.318711
0            924       0.263857
0            925       0.210302
0            926       0.156218
0            927       0.114598
0            928      0.0835155
0            929       0.064752
0            930      0.0513194
0            931      0.0398907
0            932      0.0293481
0            933       0.022301
0            934      0.0182747
0            935      0.0168012
0            936      0.0152911
0            937      0.0130364
0            938      0.0101371
0            939     0.00659954
0            940      0.0042391
0            941     0.00453544
0            942      0.0044051
0            943     0.00417876
0            944      0.0035449
0            945     0.00245577
0            946     0.00156204
0            947     0.00120852
0            948    0.000991992
0            949    0.000837627
0            950    0.000810567
0            951    0.000867063
0            952     0.00083435
0            953     0.00067432
0            954    0.000534647
0            955     0.00032645
0            956    0.000199906
0            957    0.000164963
0            958    0.000135931
0            959    0.000133999
0            960    0.000125972
0            961    0.000136155
0            962    0.000128068
0            963    9.88872e-05
0            964    5.50975e-05
