0              0       0.339014
0              1       0.346548
0              2       0.355116
0              3       0.363914
0              4       0.374832
0              5       0.390348
0              6       0.413877
0              7       0.454524
0              8       0.511494
0              9       0.612647
0             10       0.794916
0             11        1.05774
0             12        1.33931
0             13        1.79346
0             14        2.93997
0             15        4.69523
0             16        7.22497
0             17        10.4236
0             18        14.4955
0             19        19.4846
0             20        25.3425
0             21        32.7167
0             22        40.8185
0             23        50.7727
0             24        59.1356
0             25        65.9935
0             26        71.9062
0             27        75.8066
0             28        77.1339
0             29        76.2053
0             30        72.7288
0             31        66.4741
0             32         57.744
0             33        48.1672
0             34        40.0594
0             35        32.9084
0             36        25.9739
0             37        19.6053
0             38        14.3471
0             39        10.0577
0             40        7.05708
0             41        4.89608
0             42        3.33936
0             43        2.31486
0             44        1.71942
0             45        1.24875
0             46       0.932871
0             47       0.687655
0             48       0.513212
0             49       0.428984
0             50       0.378802
0             51       0.337998
0             52       0.301772
0             53       0.279281
0             54       0.256397
0             55       0.242674
0             56        0.23259
0             57       0.222306
0             58       0.212454
0             59       0.203104
0             60       0.195483
0             61       0.188933
0             62       0.182837
0             63       0.176983
0             64       0.171055
0             65       0.165495
0             66       0.159952
0             67       0.155219
0             68       0.150329
0             69       0.145994
0             70       0.141905
0             71        0.13812
0             72       0.134428
0             73       0.131022
0             74       0.127853
0             75       0.124754
0             76       0.121964
0             77       0.119336
0             78       0.116759
0             79       0.114402
0             80       0.112273
0             81       0.110195
0             82        0.10824
0             83       0.106471
0             84       0.104694
0             85       0.103072
0             86        0.10146
0             87        0.10002
0             88      0.0987342
0             89      0.0975347
0             90      0.0965909
0             91        0.48734
0             92       0.507729
0             93       0.529548
0             94       0.554497
0             95       0.584031
0             96       0.623999
0             97       0.680568
0             98       0.755111
0             99       0.849042
0            100       0.969686
0            101        1.17726
0            102        1.52289
0            103        1.98548
0            104        2.62489
0            105         3.5302
0            106        4.89842
0            107        6.79493
0            108        9.33156
0            109        12.7534
0            110        16.9756
0            111        21.9252
0            112        27.7097
0            113        34.7261
0            114        42.1504
0            115         50.054
0            116        57.1657
0            117        62.9795
0            118        66.8694
0            119        68.2399
0            120        67.3514
0            121        64.0231
0            122        58.0999
0            123        51.4747
0            124        44.3616
0            125        36.7691
0            126        29.0845
0            127        22.2516
0            128         16.604
0            129        12.1435
0            130        8.77918
0            131        6.35948
0            132        4.55238
0            133        3.30301
0            134        2.32829
0            135        1.62473
0            136        1.19141
0            137       0.904829
0            138       0.715856
0            139       0.581672
0            140       0.495614
0            141       0.434588
0            142        0.38184
0            143       0.339801
0            144       0.307306
0            145       0.278667
0            146       0.253613
0            147        0.23247
0            148       0.214225
0            149       0.198297
0            150       0.184332
0            151       0.171405
0            152       0.159612
0            153       0.149238
0            154       0.139427
0            155       0.130349
0            156       0.121888
0            157       0.114157
0            158       0.106795
0            159       0.100315
0            160      0.0949188
0            161      0.0899505
0            162      0.0853624
0            163      0.0811039
0            164      0.0771425
0            165      0.0734826
0            166      0.0701794
0            167      0.0670855
0            168      0.0642152
0            169      0.0616046
0            170      0.0594107
0            171       0.057359
0            172       0.055625
0            173      0.0541017
0            174      0.0527026
0            175      0.0514222
0            176      0.0502203
0            177       0.049139
0            178      0.0480493
0            179       0.047071
0            180      0.0462552
0            181      0.0454406
0            182       0.672104
0            183       0.701172
0            184       0.732344
0            185       0.765783
0            186       0.803762
0            187       0.849549
0            188       0.908055
0            189       0.979283
0            190        1.06555
0            191        1.18076
0            192        1.33741
0            193        1.54883
0            194        1.83302
0            195        2.22302
0            196        2.77293
0            197        3.55154
0            198        4.63244
0            199        6.11736
0            200        8.07304
0            201        10.5245
0            202        13.5942
0            203         17.135
0            204         21.148
0            205        25.5179
0            206        29.8287
0            207        33.8341
0            208        37.2665
0            209        39.5006
0            210        40.3389
0            211        39.5345
0            212        37.2426
0            213        33.9594
0            214        29.9044
0            215        25.4679
0            216        21.0976
0            217        16.9782
0            218        13.3295
0            219         10.234
0            220        7.73427
0            221        5.77911
0            222        4.30542
0            223        3.23652
0            224        2.46718
0            225        1.91758
0            226        1.51634
0            227        1.21999
0            228       0.991044
0            229       0.812847
0            230       0.673794
0            231       0.562046
0            232       0.475072
0            233       0.404085
0            234       0.346083
0            235       0.298199
0            236       0.257297
0            237       0.221776
0            238       0.190822
0            239       0.164878
0            240       0.143305
0            241       0.125116
0            242       0.109357
0            243      0.0957481
0            244      0.0838822
0            245       0.073468
0            246      0.0645558
0            247      0.0566138
0            248      0.0498959
0            249      0.0440059
0            250      0.0388704
0            251      0.0345068
0            252      0.0307106
0            253      0.0274328
0            254      0.0246924
0            255      0.0222728
0            256      0.0201916
0            257      0.0184127
0            258      0.0168944
0            259      0.0155815
0            260      0.0144871
0            261       0.013535
0            262      0.0127055
0            263      0.0119929
0            264      0.0113977
0            265      0.0109052
0            266      0.0104572
0            267       0.010039
0            268     0.00968586
0            269      0.0093817
0            270     0.00909505
0            271     0.00883179
0            272     0.00859248
0            273        0.55898
0            274       0.571465
0            275       0.578662
0            276       0.582071
0            277       0.583434
0            278       0.584917
0            279       0.589848
0            280       0.602727
0            281       0.629831
0            282       0.680582
0            283       0.763815
0            284       0.889063
0            285        1.06652
0            286        1.30585
0            287        1.62727
0            288        2.05237
0            289        2.61499
0            290        3.34349
0            291        4.26986
0            292        5.44648
0            293        6.87817
0            294        8.55517
0            295        10.4379
0            296        12.4133
0            297        14.4022
0            298        16.2166
0            299        17.6748
0            300        18.6335
0            301        18.9914
0            302        18.7036
0            303        17.7916
0            304         16.345
0            305        14.5256
0            306        12.5036
0            307        10.4506
0            308        8.55448
0            309        6.86468
0            310         5.4371
0            311        4.27171
0            312        3.33966
0            313        2.61458
0            314        2.04925
0            315        1.61226
0            316        1.27553
0            317        1.01408
0            318       0.809308
0            319       0.646647
0            320        0.51829
0            321       0.415143
0            322       0.332931
0            323       0.267191
0            324       0.214272
0            325       0.171257
0            326       0.136431
0            327       0.108752
0            328      0.0866019
0            329       0.069178
0            330       0.055213
0            331      0.0439575
0            332      0.0349805
0            333      0.0280361
0            334      0.0225255
0            335       0.018087
0            336      0.0146004
0            337        0.01177
0            338     0.00948731
0            339     0.00763438
0            340      0.0061721
0            341     0.00500416
0            342     0.00402907
0            343     0.00326166
0            344     0.00266239
0            345     0.00218429
0            346     0.00180014
0            347     0.00146264
0            348      0.0011933
0            349     0.00098026
0            350    0.000807561
0            351    0.000663947
0            352    0.000555496
0            353    0.000474728
0            354    0.000423506
0            355     0.00039039
0            356    0.000364264
0            357    0.000349086
0            358    0.000344786
0            359    0.000340513
0            360    0.000338425
0            361     0.00033484
0            362    0.000330701
0            363    0.000325905
0            364        0.15349
0            365       0.153481
0            366       0.152201
0            367       0.149604
0            368       0.145824
0            369       0.140998
0            370       0.135227
0            371       0.128651
0            372       0.121548
0            373       0.114056
0            374       0.106574
0            375      0.0993692
0            376      0.0929502
0            377       0.087842
0            378      0.0846765
0            379      0.0836109
0            380       0.085021
0            381      0.0891957
0            382      0.0962607
0            383       0.106406
0            384       0.119502
0            385       0.136135
0            386       0.156767
0            387       0.181304
0            388       0.210598
0            389       0.244973
0            390       0.285379
0            391       0.332854
0            392       0.388159
0            393       0.452938
0            394       0.528652
0            395       0.616469
0            396       0.718456
0            397        0.83645
0            398       0.971948
0            399        1.12612
0            400        1.30072
0            401        1.50073
0            402        1.72361
0            403        1.97472
0            404        2.25117
0            405        2.55376
0            406         2.8844
0            407        3.23785
0            408        3.61358
0            409        4.00635
0            410        4.40909
0            411        4.81246
0            412        5.21213
0            413        5.59866
0            414        5.95779
0            415        6.28211
0            416        6.56687
0            417        6.79528
0            418        6.96503
0            419        7.06691
0            420        7.10166
0            421        7.06697
0            422        6.96203
0            423        6.79168
0            424        6.56086
0            425        6.27766
0            426          5.952
0            427        5.59459
0            428        5.21426
0            429        4.81863
0            430        4.41565
0            431        4.01481
0            432        3.62632
0            433        3.25093
0            434        2.89672
0            435        2.56825
0            436        2.26175
0            437        1.98248
0            438        1.72957
0            439        1.50456
0            440        1.30244
0            441        1.12583
0            442       0.969642
0            443       0.833476
0            444       0.715924
0            445        0.61351
0            446       0.525701
0            447       0.450199
0            448        0.38509
0            449       0.329169
0            450       0.281523
0            451       0.240998
0            452       0.205825
0            453       0.176087
0            454       0.150298
0            455       0.128211
0            456       0.109443
0            457      0.0931546
0            458      0.0792769
0            459      0.0675046
0            460      0.0573985
0            461      0.0487546
0            462      0.0414503
0            463        0.03519
0            464      0.0298548
0            465      0.0253184
0            466      0.0214339
0            467      0.0181096
0            468      0.0153126
0            469      0.0128826
0            470      0.0108611
0            471     0.00917318
0            472     0.00776669
0            473     0.00653554
0            474     0.00550386
0            475     0.00463365
0            476     0.00391866
0            477     0.00331831
0            478     0.00279602
0            479     0.00235566
0            480     0.00198336
0            481     0.00166535
0            482     0.00139086
0            483     0.00116753
0            484    0.000980786
0            485    0.000826818
0            486    0.000700216
0            487    0.000595826
0            488    0.000512148
0            489     0.00043816
0            490     0.00037402
0            491    0.000318166
0            492    0.000270114
0            493    0.000227656
0            494    0.000191872
0            495    0.000162646
0            496    0.000136356
0            497    0.000115075
0            498    9.78961e-05
0            499     8.2778e-05
0            500    7.03645e-05
0            501    5.86738e-05
0            502    4.93748e-05
0            503    4.31929e-05
0            504    3.72712e-05
0            505     3.1763e-05
0            506    2.62035e-05
0            507    2.10037e-05
0            508     1.6269e-05
0            509    1.22052e-05
0            510    9.24641e-06
0            511    6.84974e-06
0            512    4.79164e-06
0            513    3.23099e-06
0            514    2.47223e-06
0            515    1.92196e-06
0            516    1.46907e-06
0            517    1.06138e-06
0            518    7.94541e-07
0            519    5.82654e-07
0            520     4.0085e-07
0            521    2.90676e-07
0            522     2.2061e-07
0            523    1.77045e-07
0            524      1.322e-07
0            525    8.62213e-08
0            526    8.02857e-08
0            527    8.68479e-08
0            528    9.30019e-08
0            529    9.88697e-08
0            530    1.04428e-07
0            531    1.09371e-07
0            532    1.14225e-07
0            533    1.18563e-07
0            534    1.22639e-07
0            535    1.26038e-07
0            536    1.29423e-07
0            537    1.32314e-07
0            538    1.34758e-07
0            539    1.36704e-07
0            540    1.38404e-07
0            541    1.39864e-07
0            542    1.40853e-07
0            543    1.41336e-07
0            544    1.41585e-07
0            545        174.866
0            546        138.139
0            547        67.7827
0            548        8.20457
0            549      0.0725315
0            550    0.000481021
0            551    0.000107085
0            552    3.14722e-05
0            553    7.32331e-06
0            554        107.878
0            555        68.2559
0            556        32.7678
0            557        3.44118
0            558      0.0514114
0            559    0.000424713
0            560    9.47211e-05
0            561    2.77707e-05
0            562     6.4703e-06
0            563        34.1405
0            564        9.93145
0            565        3.88197
0            566       0.336466
0            567     0.00473285
0            568    0.000367204
0            569    8.22252e-05
0            570     2.4061e-05
0            571    5.64909e-06
0            572        10.7827
0            573        2.06243
0            574       0.533678
0            575      0.0543675
0            576     0.00325045
0            577    0.000313575
0            578    7.09182e-05
0            579    2.07166e-05
0            580     4.8884e-06
0            581        3.90599
0            582       0.872826
0            583       0.243034
0            584      0.0343419
0            585     0.00243346
0            586    0.000268549
0            587    6.14128e-05
0            588    1.79447e-05
0            589    4.23489e-06
0            590        1.54762
0            591       0.456007
0            592       0.144119
0            593       0.023807
0            594      0.0019692
0            595    0.000231624
0            596     5.4168e-05
0            597    1.57474e-05
0            598    3.71402e-06
