0              0       0.158996
0              1       0.160399
0              2       0.162083
0              3       0.163927
0              4       0.165824
0              5        0.16789
0              6       0.170066
0              7       0.172523
0              8       0.175058
0              9       0.177901
0             10       0.180962
0             11       0.184156
0             12       0.187822
0             13       0.191894
0             14       0.196102
0             15       0.200349
0             16       0.205034
0             17        0.20992
0             18       0.215286
0             19       0.221569
0             20       0.228052
0             21       0.235554
0             22       0.243776
0             23       0.253236
0             24        0.26242
0             25       0.273851
0             26       0.288179
0             27       0.306918
0             28       0.325291
0             29        0.34495
0             30       0.365887
0             31       0.389928
0             32       0.443646
0             33       0.526076
0             34       0.632185
0             35       0.828134
0             36        1.07275
0             37        1.46303
0             38        2.02703
0             39        2.74211
0             40          3.893
0             41         5.6713
0             42         8.0692
0             43        10.7556
0             44        14.6564
0             45        19.4394
0             46        25.6531
0             47         33.533
0             48        41.6983
0             49        51.5303
0             50        61.5609
0             51        72.4643
0             52        83.5674
0             53        93.3201
0             54         101.27
0             55        107.107
0             56        110.448
0             57        110.153
0             58        106.595
0             59        100.129
0             60        92.2393
0             61        83.0872
0             62        73.2683
0             63        63.6889
0             64        52.9147
0             65        42.4159
0             66        32.5103
0             67        25.0236
0             68        19.3084
0             69        15.0828
0             70        11.6539
0             71        8.80334
0             72        6.50144
0             73        4.71676
0             74         3.4706
0             75        2.57896
0             76        1.93974
0             77        1.46153
0             78        1.11991
0             79       0.892667
0             80       0.709002
0             81       0.606919
0             82       0.582576
0             83       0.568315
0             84       0.556151
0             85       0.545424
0             86       0.536228
0             87       0.527941
0             88       0.520779
0             89       0.513085
0             90       0.505692
0             91      0.0683371
0             92      0.0692395
0             93      0.0700253
0             94      0.0709672
0             95      0.0720985
0             96      0.0731526
0             97      0.0744736
0             98      0.0759456
0             99      0.0775777
0            100      0.0794478
0            101      0.0815887
0            102      0.0842415
0            103      0.0870635
0            104      0.0905795
0            105      0.0945541
0            106      0.0990047
0            107       0.104155
0            108       0.110292
0            109       0.117315
0            110       0.125488
0            111        0.13498
0            112       0.145761
0            113       0.158273
0            114       0.171906
0            115       0.188794
0            116        0.20731
0            117       0.228415
0            118       0.255954
0            119       0.294371
0            120       0.340246
0            121       0.391982
0            122       0.454218
0            123       0.535503
0            124       0.645697
0            125       0.801576
0            126        1.00818
0            127        1.24623
0            128        1.62311
0            129        2.11321
0            130        2.75132
0            131        3.62248
0            132        4.87017
0            133        6.59398
0            134        9.04229
0            135        12.1769
0            136         16.053
0            137        20.7457
0            138        26.1242
0            139        32.2978
0            140        38.7635
0            141        45.7131
0            142        52.8488
0            143        59.9096
0            144        66.2068
0            145        71.2446
0            146        74.5514
0            147        76.2877
0            148        76.4049
0            149        74.7989
0            150        71.5429
0            151        66.6031
0            152        60.4026
0            153        53.3394
0            154         45.543
0            155         37.875
0            156         31.011
0            157        24.9759
0            158        19.7531
0            159        15.5169
0            160        11.8764
0            161        9.06998
0            162        6.80741
0            163         4.9896
0            164        3.71196
0            165        2.83842
0            166        2.21174
0            167         1.7431
0            168        1.43315
0            169        1.23263
0            170        1.07489
0            171       0.964785
0            172       0.886918
0            173       0.830481
0            174        0.78721
0            175       0.751888
0            176       0.724512
0            177       0.700335
0            178       0.679138
0            179       0.660814
0            180       0.643934
0            181       0.627489
0            182       0.010014
0            183       0.010119
0            184      0.0102247
0            185      0.0103163
0            186      0.0104116
0            187      0.0105051
0            188      0.0106332
0            189      0.0108176
0            190      0.0111195
0            191      0.0115784
0            192      0.0121989
0            193      0.0129831
0            194       0.013971
0            195      0.0152436
0            196      0.0169433
0            197      0.0190806
0            198      0.0216394
0            199      0.0248353
0            200      0.0288464
0            201      0.0338999
0            202      0.0403457
0            203      0.0483069
0            204      0.0582445
0            205      0.0706906
0            206      0.0853293
0            207       0.102873
0            208       0.124884
0            209       0.151228
0            210        0.18427
0            211       0.224745
0            212       0.276081
0            213       0.340011
0            214       0.419314
0            215       0.517322
0            216       0.641488
0            217       0.799128
0            218        1.00114
0            219        1.26967
0            220        1.61428
0            221        2.07515
0            222        2.69939
0            223        3.52377
0            224        4.61088
0            225        5.97447
0            226        7.70883
0            227        9.84382
0            228         12.393
0            229        15.3468
0            230        18.6279
0            231        22.2168
0            232        26.0875
0            233        29.9865
0            234        33.6332
0            235        36.9206
0            236        39.5851
0            237        41.4243
0            238        42.3185
0            239        42.2943
0            240         41.242
0            241        39.3453
0            242        36.6918
0            243        33.3906
0            244        29.7209
0            245        25.7969
0            246        21.9963
0            247        18.3403
0            248        15.0526
0            249        12.1613
0            250        9.66214
0            251        7.60834
0            252        5.97002
0            253        4.64279
0            254        3.63636
0            255        2.85747
0            256        2.26685
0            257        1.82307
0            258        1.49303
0            259        1.24651
0            260        1.06258
0            261       0.929622
0            262       0.833375
0            263        0.76368
0            264       0.715386
0            265       0.682034
0            266       0.658495
0            267       0.640128
0            268       0.625079
0            269       0.612738
0            270       0.601022
0            271       0.588872
0            272       0.576094
0            273    0.000394253
0            274     0.00039249
0            275    0.000390631
0            276    0.000392223
0            277      0.0003939
0            278    0.000395582
0            279     0.00039464
0            280    0.000395746
0            281    0.000398449
0            282     0.00040858
0            283    0.000421417
0            284    0.000435844
0            285       0.000462
0            286    0.000513793
0            287    0.000597658
0            288    0.000694591
0            289    0.000842322
0            290     0.00105268
0            291      0.0013826
0            292     0.00185225
0            293     0.00248058
0            294     0.00339357
0            295     0.00469288
0            296     0.00647583
0            297     0.00891818
0            298      0.0123972
0            299      0.0172918
0            300      0.0238681
0            301      0.0327594
0            302      0.0447223
0            303      0.0609834
0            304      0.0832554
0            305       0.113571
0            306        0.15391
0            307       0.208556
0            308       0.282525
0            309       0.379484
0            310        0.50726
0            311       0.679261
0            312       0.904249
0            313        1.19492
0            314        1.57503
0            315        2.06921
0            316        2.69797
0            317        3.48241
0            318        4.45003
0            319        5.60064
0            320        6.93603
0            321        8.44891
0            322        10.1077
0            323        11.8493
0            324        13.5908
0            325        15.2683
0            326        16.7837
0            327        18.0089
0            328        18.8649
0            329           19.3
0            330        19.2795
0            331         18.821
0            332        17.9346
0            333        16.7126
0            334        15.2214
0            335        13.5601
0            336        11.8126
0            337          10.06
0            338        8.39667
0            339        6.87249
0            340        5.53437
0            341        4.40354
0            342        3.44987
0            343        2.67943
0            344        2.06385
0            345        1.57606
0            346        1.19767
0            347       0.907038
0            348       0.685908
0            349        0.52053
0            350       0.398035
0            351       0.310517
0            352       0.248754
0            353       0.208411
0            354        0.18388
0            355       0.172204
0            356       0.170525
0            357       0.174179
0            358       0.180594
0            359       0.187709
0            360       0.194687
0            361       0.199941
0            362       0.202568
0            363       0.202259
0            364    5.96206e-06
0            365    5.95665e-06
0            366    5.94479e-06
0            367    5.92193e-06
0            368    5.88871e-06
0            369    5.84891e-06
0            370    5.80242e-06
0            371    5.74506e-06
0            372    5.67784e-06
0            373    5.60008e-06
0            374    5.52218e-06
0            375     5.4313e-06
0            376    5.33363e-06
0            377    5.22526e-06
0            378    5.11323e-06
0            379    4.98868e-06
0            380    4.85716e-06
0            381    4.71841e-06
0            382    4.57361e-06
0            383     4.4383e-06
0            384    4.30128e-06
0            385    4.15782e-06
0            386    4.09934e-06
0            387     4.0506e-06
0            388    3.99424e-06
0            389    3.93148e-06
0            390    3.85899e-06
0            391    3.78401e-06
0            392    3.71115e-06
0            393    3.64978e-06
0            394      3.946e-06
0            395    4.55557e-06
0            396    5.15488e-06
0            397    5.70814e-06
0            398    6.21615e-06
0            399    6.67993e-06
0            400    7.18361e-06
0            401    7.65377e-06
0            402    8.24157e-06
0            403    8.85448e-06
0            404     1.0243e-05
0            405    1.29993e-05
0            406    1.67078e-05
0            407    2.21037e-05
0            408    2.91385e-05
0            409    3.76121e-05
0            410    4.95882e-05
0            411    6.48471e-05
0            412    8.72559e-05
0            413      0.0001136
0            414    0.000152082
0            415    0.000203014
0            416      0.0002742
0            417    0.000360146
0            418    0.000468839
0            419    0.000605031
0            420    0.000784911
0            421     0.00101862
0            422      0.0013191
0            423     0.00170721
0            424     0.00219976
0            425     0.00282185
0            426     0.00357415
0            427     0.00452981
0            428     0.00573561
0            429      0.0072579
0            430     0.00909851
0            431      0.0113781
0            432      0.0142525
0            433      0.0177749
0            434      0.0220995
0            435      0.0274941
0            436      0.0341931
0            437       0.042428
0            438      0.0526905
0            439      0.0653258
0            440      0.0809978
0            441      0.0999504
0            442        0.12322
0            443       0.151184
0            444       0.184582
0            445       0.224758
0            446       0.271939
0            447       0.326837
0            448       0.391373
0            449       0.466663
0            450       0.553101
0            451       0.652313
0            452       0.766658
0            453       0.895309
0            454         1.0416
0            455        1.20485
0            456        1.38331
0            457        1.57987
0            458        1.79302
0            459        2.02416
0            460        2.27273
0            461        2.53613
0            462        2.81013
0            463        3.09511
0            464        3.39016
0            465        3.68884
0            466        3.99095
0            467         4.2899
0            468        4.57957
0            469        4.85823
0            470        5.11491
0            471        5.35145
0            472        5.56016
0            473        5.73736
0            474        5.87889
0            475        5.98435
0            476         6.0513
0            477        6.07483
0            478        6.05692
0            479        5.99546
0            480        5.89224
0            481        5.75236
0            482        5.57711
0            483         5.3729
0            484        5.13811
0            485        4.88133
0            486        4.60665
0            487        4.31731
0            488        4.01814
0            489        3.71676
0            490        3.41711
0            491        3.11755
0            492        2.82979
0            493        2.55017
0            494        2.28673
0            495        2.03842
0            496        1.80416
0            497        1.58831
0            498        1.39105
0            499        1.21077
0            500        1.04835
0            501       0.903262
0            502       0.774776
0            503        0.66078
0            504       0.561822
0            505       0.474533
0            506       0.398096
0            507       0.332695
0            508       0.276689
0            509       0.229484
0            510       0.189838
0            511       0.156303
0            512       0.128366
0            513       0.105026
0            514      0.0857679
0            515      0.0698156
0            516      0.0569285
0            517      0.0463321
0            518      0.0376859
0            519      0.0307044
0            520        0.02524
0            521      0.0210198
0            522      0.0177794
0            523      0.0153345
0            524      0.0136667
0            525         0.0126
0            526      0.0120121
0            527      0.0118797
0            528      0.0121599
0            529      0.0127675
0            530       0.013662
0            531      0.0147834
0            532       0.016058
0            533      0.0174379
0            534      0.0188645
0            535      0.0202752
0            536      0.0216297
0            537      0.0228976
0            538      0.0240551
0            539      0.0250643
0            540      0.0259192
0            541         0.0266
0            542      0.0270879
0            543      0.0273711
0            544      0.0274607
0            545        3.31054
0            546       0.905812
0            547       0.272906
0            548       0.043395
0            549     0.00676081
0            550      0.0016706
0            551    0.000643199
0            552    0.000298522
0            553    0.000119244
0            554        11.0261
0            555        2.86388
0            556         0.9042
0            557       0.126114
0            558     0.00798625
0            559     0.00185432
0            560     0.00070433
0            561    0.000324009
0            562    0.000128683
0            563        38.0747
0            564        14.0572
0            565        5.66036
0            566       0.823827
0            567      0.0223334
0            568     0.00209522
0            569    0.000782885
0            570    0.000356372
0            571    0.000140384
0            572        112.171
0            573         66.424
0            574        35.4877
0            575        5.79216
0            576       0.107499
0            577     0.00247202
0            578    0.000880304
0            579    0.000395969
0            580    0.000154274
0            581        188.784
0            582        137.367
0            583        75.5781
0            584        14.0617
0            585       0.202302
0            586      0.0028806
0            587    0.000992617
0            588    0.000441127
0            589    0.000169923
0            590        139.814
0            591        90.6217
0            592        49.3744
0            593        8.36207
0            594       0.182377
0            595     0.00327403
0            596     0.00111474
0            597    0.000489192
0            598    0.000186274
