0              0    0.000966288
0              1     0.00114897
0              2     0.00138962
0              3     0.00167562
0              4     0.00203457
0              5     0.00246377
0              6     0.00297556
0              7     0.00361931
0              8     0.00439075
0              9     0.00536501
0             10     0.00654602
0             11     0.00796984
0             12     0.00977911
0             13      0.0120957
0             14      0.0149377
0             15      0.0182757
0             16      0.0225704
0             17        0.02787
0             18      0.0345196
0             19      0.0432857
0             20       0.054014
0             21      0.0681548
0             22      0.0861216
0             23       0.111719
0             24       0.142979
0             25       0.188211
0             26       0.246169
0             27       0.329227
0             28       0.440325
0             29       0.598691
0             30       0.817201
0             31        1.11178
0             32        1.53956
0             33         2.1249
0             34        2.90781
0             35        3.94293
0             36        5.30356
0             37        7.18169
0             38        9.61444
0             39        12.7246
0             40        16.6401
0             41        21.4878
0             42        27.8049
0             43        34.9834
0             44        44.0452
0             45        54.0989
0             46        65.5535
0             47        79.3284
0             48        93.8955
0             49        110.517
0             50        127.414
0             51        144.799
0             52        162.595
0             53        179.893
0             54        196.528
0             55        211.177
0             56        223.722
0             57        234.005
0             58        241.419
0             59        245.198
0             60        245.322
0             61         241.98
0             62        235.138
0             63        225.487
0             64         212.78
0             65          198.5
0             66         181.74
0             67        165.013
0             68        146.287
0             69        129.011
0             70        111.715
0             71        95.8602
0             72        80.5549
0             73        67.2067
0             74         55.257
0             75        44.7727
0             76        36.0712
0             77        28.3584
0             78        21.9774
0             79        16.9516
0             80        13.0258
0             81        9.89352
0             82        7.38791
0             83        5.50264
0             84        4.05831
0             85        2.99173
0             86        2.19028
0             87        1.57881
0             88        1.15417
0             89       0.832948
0             90       0.615466
0             91     4.9845e-06
0             92    7.06976e-06
0             93    9.93336e-06
0             94    1.41306e-05
0             95    2.01763e-05
0             96    2.87931e-05
0             97    4.12644e-05
0             98    5.92505e-05
0             99    8.52331e-05
0            100    0.000121924
0            101    0.000174793
0            102    0.000253887
0            103    0.000363041
0            104    0.000522715
0            105    0.000754519
0            106     0.00109159
0            107     0.00157357
0            108     0.00226113
0            109     0.00325652
0            110     0.00467616
0            111      0.0066967
0            112     0.00956731
0            113      0.0136966
0            114      0.0192897
0            115      0.0275089
0            116      0.0387843
0            117      0.0546389
0            118      0.0769624
0            119       0.108469
0            120       0.151622
0            121       0.212455
0            122       0.298681
0            123       0.417596
0            124       0.580992
0            125       0.810966
0            126        1.13994
0            127        1.59228
0            128        2.21251
0            129        3.08482
0            130        4.26943
0            131        5.85875
0            132        8.03531
0            133        10.8043
0            134        14.4886
0            135        19.2006
0            136        25.0791
0            137        32.3274
0            138         40.987
0            139        51.2239
0            140        62.7373
0            141        75.8634
0            142        89.8905
0            143        104.693
0            144        119.777
0            145        134.174
0            146        147.631
0            147        159.665
0            148        168.986
0            149        175.607
0            150        179.084
0            151        179.084
0            152        175.642
0            153        169.057
0            154        159.461
0            155        147.613
0            156        134.149
0            157        119.717
0            158        104.565
0            159        90.2349
0            160        76.0016
0            161        63.0761
0            162        51.4432
0            163        41.2315
0            164        32.4783
0            165         25.289
0            166        19.3756
0            167        14.6103
0            168        10.9228
0            169        8.10939
0            170        5.97046
0            171        4.31929
0            172        3.12749
0            173        2.25888
0            174        1.61508
0            175        1.15402
0            176       0.824681
0            177       0.586225
0            178        0.41924
0            179       0.297986
0            180        0.21225
0            181       0.150472
0            182    7.91414e-11
0            183    1.50151e-10
0            184    2.87996e-10
0            185    5.47524e-10
0            186    1.04091e-09
0            187    2.00166e-09
0            188    3.89203e-09
0            189    7.42594e-09
0            190    1.42319e-08
0            191    2.75747e-08
0            192    5.30662e-08
0            193    1.01477e-07
0            194    1.92898e-07
0            195    3.66481e-07
0            196    6.96155e-07
0            197    1.31549e-06
0            198     2.4735e-06
0            199    4.61063e-06
0            200    8.59194e-06
0            201    1.58314e-05
0            202    2.91707e-05
0            203    5.32341e-05
0            204    9.59858e-05
0            205    0.000174251
0            206    0.000311177
0            207    0.000549852
0            208    0.000976848
0            209     0.00170015
0            210     0.00297713
0            211     0.00511386
0            212     0.00876664
0            213      0.0148754
0            214      0.0249868
0            215      0.0418474
0            216      0.0688582
0            217       0.112184
0            218       0.180931
0            219       0.288795
0            220       0.453161
0            221       0.704039
0            222        1.08132
0            223        1.63254
0            224        2.42316
0            225        3.53211
0            226        5.07947
0            227        7.17084
0            228        9.92139
0            229         13.465
0            230        17.8257
0            231        23.1097
0            232        29.3689
0            233        36.5657
0            234        44.3318
0            235        52.5155
0            236        60.8913
0            237        68.8594
0            238        75.9647
0            239        81.7699
0            240        85.9102
0            241        88.1236
0            242        88.2004
0            243        86.1265
0            244         82.132
0            245         76.312
0            246        69.3588
0            247        61.3675
0            248        53.1478
0            249        44.9224
0            250        36.9619
0            251        29.8383
0            252        23.5222
0            253        18.0871
0            254        13.6618
0            255        10.0621
0            256        7.29049
0            257        5.16648
0            258        3.59395
0            259        2.45534
0            260        1.64694
0            261        1.09081
0            262       0.710669
0            263       0.455708
0            264       0.287798
0            265       0.180891
0            266        0.11257
0            267      0.0688404
0            268      0.0419511
0            269      0.0254696
0            270      0.0153416
0            271     0.00909544
0            272     0.00535913
0            273    1.14638e-19
0            274    4.23048e-19
0            275    1.65179e-18
0            276     6.7362e-18
0            277    2.85768e-17
0            278    1.23204e-16
0            279    5.28704e-16
0            280    2.27359e-15
0            281    9.56802e-15
0            282    3.92151e-14
0            283    1.56068e-13
0            284    6.01989e-13
0            285    2.26322e-12
0            286     8.1105e-12
0            287    2.80697e-11
0            288    9.33028e-11
0            289    2.97602e-10
0            290    9.06545e-10
0            291    2.64118e-09
0            292    7.40457e-09
0            293    1.98393e-08
0            294    5.10687e-08
0            295    1.27224e-07
0            296    3.03042e-07
0            297    7.05956e-07
0            298    1.60206e-06
0            299    3.54443e-06
0            300    7.74669e-06
0            301    1.66361e-05
0            302    3.54498e-05
0            303    7.52501e-05
0            304    0.000158727
0            305    0.000334489
0            306    0.000697145
0            307     0.00144838
0            308     0.00295428
0            309     0.00592553
0            310      0.0115968
0            311      0.0222044
0            312      0.0413611
0            313      0.0749756
0            314       0.132271
0            315       0.227241
0            316       0.378962
0            317       0.613619
0            318       0.969647
0            319        1.48832
0            320        2.21642
0            321        3.20638
0            322        4.50783
0            323         6.1438
0            324        8.11147
0            325        10.3963
0            326        12.9137
0            327        15.5479
0            328        18.1558
0            329        20.5653
0            330        22.6047
0            331        24.0706
0            332        24.8382
0            333        24.8431
0            334        24.0672
0            335        22.5948
0            336        20.5625
0            337        18.1212
0            338        15.4943
0            339        12.8251
0            340         10.289
0            341         8.0167
0            342        6.03516
0            343        4.41228
0            344           3.13
0            345        2.15331
0            346         1.4423
0            347       0.939334
0            348       0.594779
0            349       0.366923
0            350       0.220384
0            351       0.129326
0            352       0.073821
0            353      0.0415228
0            354      0.0230589
0            355       0.012707
0            356      0.0069262
0            357     0.00370805
0            358     0.00193141
0            359     0.00096199
0            360    0.000454717
0            361    0.000204402
0            362    8.74819e-05
0            363    3.58093e-05
0            364     6.9039e-35
0            365    2.02827e-34
0            366    5.95361e-34
0            367    1.75201e-33
0            368    5.09451e-33
0            369     1.4913e-32
0            370    4.39405e-32
0            371     1.2883e-31
0            372    3.73503e-31
0            373    1.07765e-30
0            374     3.1642e-30
0            375    9.08824e-30
0            376    2.62647e-29
0            377    7.55048e-29
0            378    2.16115e-28
0            379    6.18446e-28
0            380    1.74378e-27
0            381    4.94592e-27
0            382    1.38951e-26
0            383    3.88409e-26
0            384    1.07188e-25
0            385    2.97701e-25
0            386    8.29229e-25
0            387    2.26997e-24
0            388    6.24538e-24
0            389    1.71173e-23
0            390    4.68416e-23
0            391    1.28354e-22
0            392    3.53442e-22
0            393    9.88778e-22
0            394    2.81049e-21
0            395    8.09763e-21
0            396    2.37854e-20
0            397    7.13036e-20
0            398    2.17978e-19
0            399    6.75114e-19
0            400    2.10974e-18
0            401    6.68096e-18
0            402    2.10881e-17
0            403    6.70019e-17
0            404    2.10983e-16
0            405    6.58311e-16
0            406    2.06362e-15
0            407    6.37161e-15
0            408    1.95115e-14
0            409    5.94801e-14
0            410    1.79638e-13
0            411     5.3339e-13
0            412    1.56697e-12
0            413    4.56666e-12
0            414    1.30048e-11
0            415    3.64054e-11
0            416    1.01128e-10
0            417    2.72815e-10
0            418    7.28888e-10
0            419    1.88829e-09
0            420    4.80296e-09
0            421    1.19795e-08
0            422    2.90773e-08
0            423    6.86109e-08
0            424    1.57206e-07
0            425    3.51332e-07
0            426    7.56258e-07
0            427    1.58152e-06
0            428    3.19644e-06
0            429    6.23781e-06
0            430    1.17451e-05
0            431    2.13279e-05
0            432    3.73257e-05
0            433    6.30804e-05
0            434    0.000102943
0            435    0.000162091
0            436    0.000248792
0            437    0.000371446
0            438    0.000543799
0            439    0.000782654
0            440     0.00111924
0            441     0.00158462
0            442     0.00224464
0            443     0.00316941
0            444      0.0044624
0            445     0.00627684
0            446     0.00879689
0            447       0.012272
0            448       0.017068
0            449      0.0235852
0            450       0.032356
0            451       0.044023
0            452      0.0594515
0            453      0.0792874
0            454       0.104862
0            455       0.137168
0            456       0.177248
0            457       0.227045
0            458       0.287378
0            459        0.36036
0            460       0.447814
0            461       0.551346
0            462       0.671798
0            463       0.811457
0            464       0.972888
0            465        1.15467
0            466        1.35982
0            467        1.58796
0            468        1.83616
0            469        2.10663
0            470        2.39148
0            471        2.69177
0            472        2.99975
0            473        3.31168
0            474        3.61797
0            475        3.91763
0            476        4.20264
0            477        4.46262
0            478        4.69539
0            479        4.89325
0            480        5.05125
0            481        5.16533
0            482         5.2326
0            483        5.25359
0            484        5.22469
0            485        5.14855
0            486        5.02621
0            487        4.86063
0            488        4.65581
0            489        4.41889
0            490        4.15585
0            491        3.86813
0            492         3.5694
0            493        3.25909
0            494        2.95079
0            495        2.64652
0            496        2.35021
0            497         2.0699
0            498        1.80784
0            499        1.56441
0            500        1.34248
0            501        1.14298
0            502       0.964711
0            503       0.806043
0            504       0.668512
0            505       0.549084
0            506       0.446306
0            507        0.36002
0            508       0.287383
0            509       0.227742
0            510       0.178766
0            511       0.138933
0            512       0.106984
0            513      0.0815751
0            514      0.0615439
0            515      0.0458278
0            516      0.0337633
0            517      0.0245481
0            518      0.0176107
0            519      0.0124667
0            520     0.00871495
0            521     0.00602497
0            522     0.00413467
0            523     0.00281379
0            524     0.00190799
0            525     0.00129206
0            526    0.000866112
0            527    0.000574962
0            528    0.000374808
0            529     0.00023948
0            530    0.000147996
0            531    8.89076e-05
0            532    5.13279e-05
0            533    2.85883e-05
0            534    1.53956e-05
0            535    7.96646e-06
0            536    4.01106e-06
0            537    1.96643e-06
0            538    9.38609e-07
0            539     4.4082e-07
0            540    2.05308e-07
0            541    9.53194e-08
0            542    4.39468e-08
0            543    2.03787e-08
0            544    9.42286e-09
0            545       0.228966
0            546       0.164669
0            547       0.090989
0            548      0.0190854
0            549    0.000749614
0            550    1.14821e-05
0            551    1.41478e-07
0            552    2.60066e-08
0            553    7.71172e-08
0            554        2.61928
0            555        1.81469
0            556       0.967317
0            557       0.214929
0            558      0.0150232
0            559    0.000563516
0            560    1.06299e-05
0            561    2.26979e-06
0            562    5.32463e-07
0            563        22.1096
0            564        16.0244
0            565         9.3294
0            566        2.58038
0            567       0.259021
0            568      0.0108967
0            569    0.000356601
0            570    4.57637e-05
0            571    1.75387e-06
0            572        114.614
0            573        88.8678
0            574        56.7641
0            575        17.9911
0            576        2.00255
0            577      0.0795135
0            578     0.00407985
0            579    0.000258892
0            580    1.29424e-05
0            581        286.032
0            582        231.032
0            583        153.677
0            584        50.7977
0            585        5.86785
0            586       0.234682
0            587      0.0140317
0            588    0.000711591
0            589    4.30283e-05
0            590        305.436
0            591        246.994
0            592        164.464
0            593         54.387
0            594        6.25501
0            595       0.263758
0            596      0.0152851
0            597    0.000992634
0            598    5.51095e-05
