0              0    2.12188e-30
0              1    1.19203e-29
0              2    7.91035e-29
0              3    5.08942e-28
0              4    3.53903e-27
0              5    2.39927e-26
0              6    1.59553e-25
0              7    1.14426e-24
0              8     8.0458e-24
0              9    6.11366e-23
0             10    4.60794e-22
0             11    3.41383e-21
0             12    2.75049e-20
0             13    2.41316e-19
0             14    2.07428e-18
0             15    1.60916e-17
0             16     1.3593e-16
0             17    1.11968e-15
0             18    9.31086e-15
0             19    8.41805e-14
0             20    6.90342e-13
0             21    5.84801e-12
0             22     4.7023e-11
0             23    4.31524e-10
0             24    3.19354e-09
0             25    2.66098e-08
0             26    1.88617e-07
0             27    1.40277e-06
0             28    9.34261e-06
0             29    6.17995e-05
0             30    0.000378126
0             31      0.0020566
0             32      0.0111785
0             33      0.0544384
0             34       0.230515
0             35       0.848946
0             36        2.75417
0             37        8.18261
0             38        20.7069
0             39        44.7877
0             40        82.0383
0             41         127.27
0             42        168.466
0             43        184.044
0             44        167.907
0             45        129.302
0             46        83.8873
0             47         44.199
0             48        20.3307
0             49        7.46917
0             50        2.45651
0             51        0.69242
0             52       0.167312
0             53      0.0351413
0             54     0.00639164
0             55     0.00112116
0             56    0.000176781
0             57    2.46886e-05
0             58    3.05484e-06
0             59    3.46281e-07
0             60    4.11922e-08
0             61    4.42809e-09
0             62    4.49021e-10
0             63    4.70728e-11
0             64    4.48686e-12
0             65    4.66479e-13
0             66     4.1058e-14
0             67    4.28906e-15
0             68    3.58455e-16
0             69    3.52761e-17
0             70    3.37906e-18
0             71    3.37007e-19
0             72    3.06494e-20
0             73    3.09823e-21
0             74    3.23137e-22
0             75    3.29983e-23
0             76    3.75124e-24
0             77    3.87582e-25
0             78    3.95573e-26
0             79    4.51419e-27
0             80    5.75108e-28
0             81    7.28176e-29
0             82    9.40195e-30
0             83     1.3421e-30
0             84    1.89411e-31
0             85    2.93719e-32
0             86     4.4915e-33
0             87    6.82863e-34
0             88    1.12031e-34
0             89    1.81381e-35
0             90     3.4974e-36
0             91    3.49416e-46
0             92    5.21239e-45
0             93    7.42921e-44
0             94    1.16296e-42
0             95    1.86652e-41
0             96    3.08149e-40
0             97    5.24358e-39
0             98    9.21411e-38
0             99    1.67522e-36
0            100    2.96098e-35
0            101    5.45252e-34
0            102    1.12913e-32
0            103    2.13739e-31
0            104    4.31381e-30
0            105    9.16539e-29
0            106    2.04654e-27
0            107    4.53146e-26
0            108    9.96286e-25
0            109    2.29428e-23
0            110    5.23886e-22
0            111    1.18626e-20
0            112    2.66162e-19
0            113    6.17714e-18
0            114    1.24419e-16
0            115    2.78353e-15
0            116    5.59947e-14
0            117    1.09347e-12
0            118    2.06075e-11
0            119    3.72176e-10
0            120    5.92439e-09
0            121    8.91107e-08
0            122    1.25323e-06
0            123    1.52037e-05
0            124    0.000158184
0            125     0.00146745
0            126      0.0122828
0            127      0.0834233
0            128       0.459969
0            129        2.11066
0            130        7.53406
0            131        20.6397
0            132        43.6551
0            133        67.9735
0            134        79.5261
0            135        68.7107
0            136        43.7416
0            137        20.6668
0            138        7.28073
0            139        1.93773
0            140       0.413563
0            141      0.0658048
0            142        0.00876
0            143    0.000944884
0            144    8.37475e-05
0            145    6.65954e-06
0            146    4.48607e-07
0            147    2.53798e-08
0            148    1.36554e-09
0            149    6.83816e-11
0            150    3.00043e-12
0            151    1.15951e-13
0            152    4.35338e-15
0            153     1.6013e-16
0            154    5.28239e-18
0            155    1.72653e-19
0            156     5.6277e-21
0            157    1.84263e-22
0            158    5.55393e-24
0            159    1.96827e-25
0            160    6.24386e-27
0            161     2.1397e-28
0            162    7.52103e-30
0            163    2.68304e-31
0            164    9.60304e-33
0            165    3.60797e-34
0            166    1.34038e-35
0            167    4.89905e-37
0            168    1.86409e-38
0            169     7.4039e-40
0            170    3.16878e-41
0            171    1.21898e-42
0            172    5.39009e-44
0            173    2.51168e-45
0            174    1.15675e-46
0            175    5.63693e-48
0            176    2.91401e-49
0            177    1.62483e-50
0            178    9.48054e-52
0            179    5.95085e-53
0            180    4.29345e-54
0            181     3.0223e-55
0            182    2.26434e-70
0            183    1.39992e-68
0            184    9.80318e-67
0            185    6.86531e-65
0            186    5.04469e-63
0            187    4.09924e-61
0            188    3.66066e-59
0            189    3.01343e-57
0            190    2.57395e-55
0            191    2.39092e-53
0            192    2.16223e-51
0            193    1.90409e-49
0            194    1.63379e-47
0            195    1.42935e-45
0            196    1.23566e-43
0            197    1.04897e-41
0            198    8.81378e-40
0            199    7.12864e-38
0            200    6.10849e-36
0            201    5.03072e-34
0            202    4.53996e-32
0            203     4.0587e-30
0            204    3.63065e-28
0            205    3.59482e-26
0            206    3.22415e-24
0            207    2.74005e-22
0            208    2.37698e-20
0            209    1.74475e-18
0            210    1.28035e-16
0            211    7.83266e-15
0            212    4.43535e-13
0            213    2.17406e-11
0            214    9.12098e-10
0            215    3.34948e-08
0            216     9.7763e-07
0            217    2.34778e-05
0            218    0.000454576
0            219     0.00690012
0            220      0.0760504
0            221       0.605356
0            222        3.31145
0            223        11.4997
0            224        24.6394
0            225        31.9805
0            226        24.7752
0            227        11.4476
0            228        3.21206
0            229       0.565138
0            230      0.0671304
0            231     0.00550129
0            232    0.000322521
0            233    1.38773e-05
0            234    4.73397e-07
0            235    1.29764e-08
0            236    2.74074e-10
0            237    4.80155e-12
0            238    7.08972e-14
0            239    8.95092e-16
0            240    9.17077e-18
0            241    8.62899e-20
0            242    7.19284e-22
0            243    5.38541e-24
0            244    3.93851e-26
0            245    2.47704e-28
0            246    1.66839e-30
0            247     9.7822e-33
0            248    6.17828e-35
0            249     3.7605e-37
0            250    2.06568e-39
0            251    1.25756e-41
0            252    7.36457e-44
0            253     4.1436e-46
0            254    2.50208e-48
0            255    1.44849e-50
0            256    9.05711e-53
0            257    5.65952e-55
0            258    3.68941e-57
0            259    2.51627e-59
0            260     1.8444e-61
0            261    1.48626e-63
0            262    1.26514e-65
0            263    1.14521e-67
0            264    1.11151e-69
0            265    1.30393e-71
0            266    1.75653e-73
0            267    2.39556e-75
0            268    3.88521e-77
0            269     7.3742e-79
0            270    1.52875e-80
0            271    3.25478e-82
0            272    7.83591e-84
0            273   1.09175e-110
0            274   6.44279e-108
0            275   4.33198e-105
0            276    3.2022e-102
0            277    2.71893e-99
0            278    2.54036e-96
0            279    2.49208e-93
0            280    2.81234e-90
0            281    3.31935e-87
0            282    4.12084e-84
0            283    5.31823e-81
0            284    7.17127e-78
0            285    1.04105e-74
0            286    1.43242e-71
0            287    1.98819e-68
0            288     2.7065e-65
0            289    3.55483e-62
0            290    4.38618e-59
0            291    5.18323e-56
0            292    6.25205e-53
0            293     7.5716e-50
0            294    9.44986e-47
0            295     1.2364e-43
0            296    1.39964e-40
0            297    1.50922e-37
0            298    1.40677e-34
0            299    1.06659e-31
0            300    7.07199e-29
0            301    3.80452e-26
0            302    1.76338e-23
0            303    7.09249e-21
0            304    2.35844e-18
0            305    6.52521e-16
0            306    1.37434e-13
0            307    2.31167e-11
0            308    2.79725e-09
0            309    2.47025e-07
0            310    1.51619e-05
0            311    0.000639283
0            312      0.0170933
0            313       0.263853
0            314        2.10906
0            315        7.77302
0            316        12.1283
0            317        7.81624
0            318        2.10415
0            319       0.253025
0            320      0.0154002
0            321    0.000519998
0            322    1.05526e-05
0            323    1.39182e-07
0            324    1.23577e-09
0            325    7.50326e-12
0            326    3.19717e-14
0            327    1.01181e-16
0            328    2.35062e-19
0            329     4.2494e-22
0            330    5.80865e-25
0            331    6.74176e-28
0            332    6.06649e-31
0            333    4.61082e-34
0            334    2.86809e-37
0            335    1.56239e-40
0            336    7.66279e-44
0            337     3.3232e-47
0            338    1.47675e-50
0            339    6.34783e-54
0            340    2.79818e-57
0            341     1.3181e-60
0            342    5.46313e-64
0            343    2.26221e-67
0            344    8.75568e-71
0            345    3.14394e-74
0            346    1.11385e-77
0            347    3.80721e-81
0            348    1.26603e-84
0            349    4.27449e-88
0            350    1.51881e-91
0            351    5.80134e-95
0            352    2.24436e-98
0            353    1.0123e-101
0            354   5.18843e-105
0            355   2.99732e-108
0            356   2.00536e-111
0            357   1.53324e-114
0            358   1.48303e-117
0            359   1.60942e-120
0            360    2.0322e-123
0            361    3.0656e-126
0            362    5.1988e-129
0            363   1.03764e-131
0            364    6.8538e-172
0            365   1.19589e-169
0            366   2.14174e-167
0            367   4.06919e-165
0            368   7.63366e-163
0            369   1.52377e-160
0            370   3.23469e-158
0            371   7.01916e-156
0            372   1.50467e-153
0            373   3.29606e-151
0            374   7.96412e-149
0            375   1.82835e-146
0            376   4.44884e-144
0            377   1.10296e-141
0            378   2.71548e-139
0            379   7.01947e-137
0            380   1.73439e-134
0            381   4.52095e-132
0            382   1.16056e-129
0            383   3.02081e-127
0            384   7.51186e-125
0            385   1.96117e-122
0            386   5.21301e-120
0            387   1.31162e-117
0            388   3.35379e-115
0            389   8.40049e-113
0            390   2.05946e-110
0            391   4.93733e-108
0            392   1.15638e-105
0            393   2.66415e-103
0            394   6.13751e-101
0            395    1.34162e-98
0            396    2.85214e-96
0            397    5.89077e-94
0            398    1.18129e-91
0            399    2.24686e-89
0            400    4.06993e-87
0            401     7.4291e-85
0            402    1.30453e-82
0            403    2.47441e-80
0            404    5.07895e-78
0            405     1.1949e-75
0            406    3.38965e-73
0            407     9.8678e-71
0            408    2.89033e-68
0            409    8.39898e-66
0            410    2.33823e-63
0            411    5.96004e-61
0            412    1.44024e-58
0            413     3.3441e-56
0            414     6.9416e-54
0            415    1.32897e-51
0            416    2.47548e-49
0            417    4.02546e-47
0            418    6.33772e-45
0            419    8.70532e-43
0            420     1.1167e-40
0            421    1.33733e-38
0            422    1.45014e-36
0            423    1.42973e-34
0            424    1.28834e-32
0            425    1.09938e-30
0            426    8.40122e-29
0            427    6.05662e-27
0            428    4.03706e-25
0            429    2.47799e-23
0            430    1.39215e-21
0            431    7.10932e-20
0            432    3.25511e-18
0            433    1.34742e-16
0            434    4.94691e-15
0            435     1.5667e-13
0            436    4.49911e-12
0            437    1.11167e-10
0            438    2.40668e-09
0            439    4.42941e-08
0            440    7.20281e-07
0            441    9.68745e-06
0            442    0.000112513
0            443     0.00107609
0            444     0.00830636
0            445      0.0512823
0            446       0.240977
0            447       0.837731
0            448         2.1043
0            449        3.69437
0            450          4.468
0            451        3.70519
0            452         2.1048
0            453       0.837326
0            454       0.235649
0            455      0.0485611
0            456     0.00768083
0            457     0.00093602
0            458    9.28938e-05
0            459    7.53678e-06
0            460    5.05695e-07
0            461    2.82846e-08
0            462    1.35594e-09
0            463    5.48197e-11
0            464    1.86811e-12
0            465    5.54733e-14
0            466    1.39962e-15
0            467    3.01342e-17
0            468    5.85899e-19
0            469     9.5095e-21
0            470    1.41236e-22
0            471    1.80742e-24
0            472    2.07229e-26
0            473    2.06979e-28
0            474     1.9316e-30
0            475    1.57037e-32
0            476    1.15154e-34
0            477    7.75039e-37
0            478    4.72182e-39
0            479    2.62875e-41
0            480     1.3396e-43
0            481    6.25976e-46
0            482    2.68735e-48
0            483    1.09199e-50
0            484    3.93397e-53
0            485    1.36242e-55
0            486    4.36873e-58
0            487    1.29864e-60
0            488    3.58064e-63
0            489    9.55189e-66
0            490    2.47162e-68
0            491    5.73825e-71
0            492     1.3844e-73
0            493    3.20608e-76
0            494    8.75365e-79
0            495    2.81916e-81
0            496    1.01216e-83
0            497     4.0111e-86
0            498    1.60323e-88
0            499    6.01779e-91
0            500    2.16624e-93
0            501     7.6045e-96
0            502    2.54773e-98
0            503   7.84754e-101
0            504   2.45205e-103
0            505   7.21614e-106
0            506   1.98849e-108
0            507   5.50006e-111
0            508   1.42719e-113
0            509   3.73076e-116
0            510   9.38715e-119
0            511   2.27494e-121
0            512   5.44634e-124
0            513   1.28996e-126
0            514   3.02686e-129
0            515   6.86619e-132
0            516    1.5869e-134
0            517   3.71088e-137
0            518   8.63841e-140
0            519   2.00376e-142
0            520   4.63559e-145
0            521   1.07047e-147
0            522   2.58409e-150
0            523   5.96037e-153
0            524   1.43979e-155
0            525   3.75602e-158
0            526   9.53884e-161
0            527   2.50295e-163
0            528   6.59075e-166
0            529   1.88329e-168
0            530   5.24147e-171
0            531   1.56076e-173
0            532   4.74729e-176
0            533   1.49918e-178
0            534   5.16163e-181
0            535   1.70445e-183
0            536   6.44635e-186
0            537    2.5387e-188
0            538   1.00643e-190
0            539   4.15595e-193
0            540   1.87732e-195
0            541    9.2817e-198
0            542   4.61713e-200
0            543   2.48286e-202
0            544   1.40963e-204
0            545    6.42488e-11
0            546    7.17028e-11
0            547     8.5214e-11
0            548     1.1796e-10
0            549    1.55368e-10
0            550    1.37095e-10
0            551    8.04428e-11
0            552    3.53459e-11
0            553    8.27237e-12
0            554     0.00438073
0            555     0.00440183
0            556     0.00450184
0            557     0.00467505
0            558     0.00413184
0            559     0.00225764
0            560    0.000853182
0            561    0.000247769
0            562    3.41879e-05
0            563        63.4664
0            564        61.0169
0            565         56.457
0            566        46.3408
0            567        27.3596
0            568        9.60051
0            569        2.60926
0            570       0.580883
0            571      0.0559719
0            572       0.984525
0            573       0.959291
0            574       0.923813
0            575       0.841933
0            576       0.594333
0            577       0.250656
0            578      0.0777916
0            579      0.0188439
0            580     0.00206206
0            581     9.4829e-08
0            582    1.00886e-07
0            583    1.13999e-07
0            584    1.41729e-07
0            585    1.59713e-07
0            586    1.12611e-07
0            587    5.26075e-08
0            588    1.82894e-08
0            589    3.07288e-09
0            590    1.87859e-17
0            591    2.21487e-17
0            592    2.79959e-17
0            593    3.97885e-17
0            594    6.14771e-17
0            595    6.93099e-17
0            596    4.84952e-17
0            597    2.56402e-17
0            598    7.32503e-18
