0              0       0.021017
0              1      0.0205324
0              2      0.0193441
0              3      0.0174949
0              4      0.0149807
0              5      0.0117763
0              6     0.00782197
0              7      0.0035849
0              8     0.00805722
0              9      0.0248623
0             10      0.0615865
0             11       0.122805
0             12        0.23206
0             13       0.374922
0             14       0.578077
0             15         0.8339
0             16        1.19936
0             17        1.75934
0             18        2.46583
0             19        3.33178
0             20        4.42872
0             21        5.76956
0             22        7.65414
0             23        10.1605
0             24        13.2664
0             25        17.2738
0             26        21.9697
0             27         27.558
0             28        34.0119
0             29        41.6003
0             30         50.325
0             31        60.3325
0             32        71.1923
0             33        83.0059
0             34        95.1411
0             35        107.896
0             36        121.147
0             37        133.857
0             38        145.869
0             39        156.577
0             40        165.075
0             41        171.814
0             42         176.19
0             43         177.75
0             44        177.025
0             45        174.154
0             46        168.926
0             47        162.733
0             48        154.909
0             49        145.233
0             50        134.184
0             51        122.404
0             52        110.375
0             53        98.3845
0             54         86.067
0             55        73.8542
0             56        62.4983
0             57        51.8856
0             58        42.4954
0             59        34.2244
0             60         27.375
0             61        21.6428
0             62        16.9013
0             63        12.9737
0             64        9.88845
0             65        7.45686
0             66        5.62046
0             67        4.32276
0             68        3.24405
0             69        2.38646
0             70        1.72911
0             71        1.28253
0             72       0.922942
0             73       0.633189
0             74       0.411341
0             75       0.254696
0             76       0.174126
0             77       0.138199
0             78      0.0992727
0             79      0.0545876
0             80      0.0197784
0             81      0.0104944
0             82     0.00686148
0             83     0.00273899
0             84    0.000389978
0             85              0
0             86              0
0             87              0
0             88              0
0             89              0
0             90              0
0             91              0
0             92              0
0             93              0
0             94              0
0             95              0
0             96              0
0             97              0
0             98              0
0             99              0
0            100              0
0            101              0
0            102              0
0            103              0
0            104              0
0            105              0
0            106              0
0            107              0
0            108              0
0            109              0
0            110              0
0            111              0
0            112              0
0            113              0
0            114     0.00118869
0            115     0.00427615
0            116     0.00829098
0            117      0.0170927
0            118      0.0257887
0            119      0.0434778
0            120      0.0880519
0            121       0.143649
0            122        0.25996
0            123       0.434968
0            124       0.680573
0            125        1.04644
0            126        1.63583
0            127        2.48212
0            128        3.66952
0            129        5.25546
0            130        7.39346
0            131        10.0201
0            132        13.3904
0            133        17.6033
0            134        22.5748
0            135        28.2225
0            136         34.667
0            137        41.5989
0            138        48.7919
0            139        55.8131
0            140        62.5096
0            141        68.3762
0            142          73.05
0            143        76.2919
0            144        77.8727
0            145        77.4535
0            146        75.3533
0            147        71.7376
0            148        66.7747
0            149        60.6328
0            150        53.8474
0            151        46.5265
0            152        39.2624
0            153         32.364
0            154        25.9933
0            155        20.5691
0            156        15.9687
0            157        12.0648
0            158        8.93159
0            159        6.51319
0            160        4.68882
0            161        3.28233
0            162        2.20993
0            163        1.43684
0            164       0.929348
0            165       0.602184
0            166       0.399292
0            167       0.279579
0            168       0.202536
0            169       0.146154
0            170       0.105529
0            171      0.0802281
0            172      0.0516213
0            173      0.0284183
0            174      0.0120794
0            175      0.0071008
0            176     0.00283917
0            177              0
0            178              0
0            179              0
0            180              0
0            181              0
0            182              0
0            183              0
0            184              0
0            185              0
0            186              0
0            187              0
0            188              0
0            189              0
0            190              0
0            191              0
0            192              0
0            193              0
0            194              0
0            195              0
0            196              0
0            197              0
0            198              0
0            199              0
0            200              0
0            201              0
0            202              0
0            203              0
0            204              0
0            205              0
0            206              0
0            207              0
0            208              0
0            209              0
0            210              0
0            211              0
0            212              0
0            213              0
0            214              0
0            215              0
0            216              0
0            217              0
0            218              0
0            219              0
0            220              0
0            221    0.000404716
0            222     0.00102019
0            223     0.00281114
0            224     0.00426754
0            225     0.00813186
0            226      0.0160723
0            227      0.0357253
0            228      0.0819427
0            229       0.165336
0            230        0.30943
0            231       0.567874
0            232       0.964343
0            233        1.61098
0            234        2.54443
0            235        3.87288
0            236        5.67792
0            237        7.97394
0            238        10.6946
0            239        13.8347
0            240         17.237
0            241        20.7291
0            242        23.9011
0            243        26.5501
0            244        28.3682
0            245        29.1651
0            246        28.8676
0            247        27.5542
0            248         25.332
0            249        22.3673
0            250        19.0322
0            251        15.6287
0            252         12.441
0            253        9.49222
0            254        6.96588
0            255         4.8884
0            256        3.28943
0            257        2.12145
0            258        1.31167
0            259       0.787995
0            260       0.441954
0            261       0.238157
0            262       0.130969
0            263      0.0693953
0            264      0.0306857
0            265       0.013676
0            266     0.00412223
0            267     0.00070061
0            268              0
0            269              0
0            270              0
0            271              0
0            272              0
0            273              0
0            274              0
0            275              0
0            276              0
0            277              0
0            278              0
0            279              0
0            280              0
0            281              0
0            282              0
0            283              0
0            284              0
0            285              0
0            286              0
0            287              0
0            288              0
0            289              0
0            290              0
0            291              0
0            292              0
0            293              0
0            294              0
0            295              0
0            296              0
0            297              0
0            298              0
0            299              0
0            300              0
0            301              0
0            302              0
0            303              0
0            304              0
0            305              0
0            306              0
0            307              0
0            308              0
0            309              0
0            310              0
0            311              0
0            312              0
0            313              0
0            314              0
0            315              0
0            316              0
0            317              0
0            318              0
0            319              0
0            320              0
0            321              0
0            322              0
0            323              0
0            324              0
0            325              0
0            326              0
0            327              0
0            328              0
0            329    0.000922601
0            330     0.00280865
0            331     0.00778415
0            332      0.0178453
0            333      0.0361448
0            334       0.076694
0            335       0.163161
0            336       0.334283
0            337       0.643883
0            338        1.16911
0            339        1.96235
0            340         3.0497
0            341        4.42629
0            342        6.01894
0            343        7.63798
0            344        9.12164
0            345        10.2415
0            346        10.8286
0            347         10.764
0            348        10.0365
0            349        8.79652
0            350        7.20729
0            351        5.53591
0            352        3.98872
0            353        2.70434
0            354        1.73222
0            355        1.04004
0            356       0.584261
0            357       0.307653
0            358       0.156818
0            359      0.0741991
0            360      0.0301943
0            361      0.0113444
0            362     0.00507088
0            363     0.00288535
0            364     0.00140298
0            365    0.000170623
0            366              0
0            367              0
0            368              0
0            369              0
0            370              0
0            371              0
0            372              0
0            373              0
0            374              0
0            375              0
0            376              0
0            377              0
0            378              0
0            379              0
0            380              0
0            381              0
0            382              0
0            383              0
0            384              0
0            385              0
0            386              0
0            387              0
0            388              0
0            389              0
0            390              0
0            391              0
0            392              0
0            393              0
0            394              0
0            395              0
0            396              0
0            397              0
0            398              0
0            399              0
0            400              0
0            401              0
0            402              0
0            403              0
0            404              0
0            405              0
0            406              0
0            407              0
0            408              0
0            409              0
0            410              0
0            411              0
0            412              0
0            413              0
0            414              0
0            415              0
0            416              0
0            417              0
0            418              0
0            419              0
0            420              0
0            421              0
0            422              0
0            423              0
0            424              0
0            425              0
0            426              0
0            427              0
0            428              0
0            429              0
0            430              0
0            431              0
0            432              0
0            433    3.08972e-06
0            434    0.000461489
0            435     0.00194483
0            436     0.00565263
0            437      0.0152087
0            438      0.0402599
0            439       0.103391
0            440       0.240449
0            441       0.492861
0            442       0.899589
0            443        1.48529
0            444        2.20154
0            445        2.94047
0            446        3.55101
0            447        3.88141
0            448        3.83771
0            449        3.42886
0            450        2.76767
0            451        2.00953
0            452        1.30839
0            453       0.759379
0            454        0.39325
0            455       0.184671
0            456      0.0767215
0            457      0.0275906
0            458      0.0089997
0            459     0.00281126
0            460    0.000819317
0            461    0.000142739
0            462    1.19919e-06
0            463              0
0            464              0
0            465              0
0            466              0
0            467              0
0            468              0
0            469              0
0            470              0
0            471              0
0            472              0
0            473              0
0            474              0
0            475              0
0            476              0
0            477              0
0            478              0
0            479              0
0            480              0
0            481              0
0            482              0
0            483              0
0            484              0
0            485              0
0            486              0
0            487              0
0            488              0
0            489              0
0            490              0
0            491              0
0            492              0
0            493              0
0            494              0
0            495              0
0            496              0
0            497              0
0            498              0
0            499              0
0            500              0
0            501              0
0            502              0
0            503              0
0            504              0
0            505              0
0            506              0
0            507              0
0            508              0
0            509              0
0            510              0
0            511              0
0            512              0
0            513              0
0            514              0
0            515              0
0            516              0
0            517              0
0            518              0
0            519              0
0            520              0
0            521              0
0            522              0
0            523              0
0            524              0
0            525              0
0            526              0
0            527              0
0            528              0
0            529              0
0            530              0
0            531              0
0            532              0
0            533              0
0            534              0
0            535              0
0            536              0
0            537              0
0            538              0
0            539              0
0            540              0
0            541              0
0            542              0
0            543              0
0            544              0
0            545              0
0            546              0
0            547              0
0            548              0
0            549              0
0            550              0
0            551              0
0            552              0
0            553              0
0            554              0
0            555              0
0            556              0
0            557              0
0            558              0
0            559              0
0            560              0
0            561              0
0            562              0
0            563              0
0            564              0
0            565              0
0            566              0
0            567              0
0            568              0
0            569              0
0            570              0
0            571              0
0            572              0
0            573              0
0            574              0
0            575     0.00324985
0            576      0.0030553
0            577     0.00273106
0            578     0.00404889
0            579     0.00619738
0            580     0.00829098
0            581     0.00987094
0            582      0.0109372
0            583      0.0114899
0            584      0.0118878
0            585       0.014425
0            586      0.0161776
0            587      0.0170311
0            588      0.0169856
0            589      0.0160409
0            590      0.0171449
0            591      0.0200024
0            592       0.021761
0            593      0.0242519
0            594      0.0252314
0            595      0.0250309
0            596      0.0237197
0            597      0.0215576
0            598      0.0202557
0            599      0.0177896
0            600      0.0141592
0            601     0.00936462
0            602     0.00340578
0            603     0.00330634
0            604     0.00321468
0            605        0.00302
0            606     0.00272233
0            607     0.00232165
0            608     0.00181796
0            609     0.00121127
0            610    0.000501583
0            611              0
0            612              0
0            613              0
0            614              0
0            615              0
0            616              0
0            617              0
0            618              0
0            619              0
0            620              0
0            621              0
0            622              0
0            623              0
0            624              0
0            625              0
0            626              0
0            627              0
0            628              0
0            629              0
0            630              0
0            631              0
0            632              0
0            633              0
0            634              0
0            635              0
0            636              0
0            637              0
0            638              0
0            639              0
0            640              0
0            641              0
0            642              0
0            643              0
0            644              0
0            645        63.2572
0            646        62.8541
0            647        62.1963
0            648        61.2512
0            649        59.8712
0            650        58.0512
0            651        55.7854
0            652        53.1867
0            653        50.4517
0            654        47.5831
0            655        44.8257
0            656        42.0506
0            657        39.2832
0            658        36.6515
0            659          34.14
0            660        31.6901
0            661        29.3282
0            662        27.0534
0            663        24.8298
0            664        22.7259
0            665        20.7948
0            666        19.0262
0            667        17.4174
0            668        15.9384
0            669        14.5156
0            670        13.1338
0            671        11.8806
0            672        10.7662
0            673        9.81829
0            674        8.97465
0            675        8.11146
0            676        7.24321
0            677        6.41995
0            678        5.70073
0            679        5.11354
0            680        4.67067
0            681        4.27266
0            682        3.82928
0            683        3.39254
0            684        3.03714
0            685        2.76108
0            686        2.48378
0            687         2.2371
0            688        1.99522
0            689        1.76475
0            690         1.5731
0            691        1.36715
0            692         1.1991
0            693        1.04275
0            694       0.897129
0            695       0.766627
0            696       0.647634
0            697       0.568026
0            698       0.500919
0            699       0.458209
0            700        0.41863
0            701       0.375002
0            702       0.314166
0            703        0.24948
0            704       0.188617
0            705       0.136296
0            706      0.0956629
0            707      0.0756027
0            708       0.068363
0            709      0.0613747
0            710      0.0667625
0            711      0.0722688
0            712      0.0728434
0            713      0.0708258
0            714      0.0691615
0            715        1.86147
0            716        1.86094
0            717        1.83344
0            718        1.77213
0            719        1.71896
0            720        1.66339
0            721        1.60443
0            722        1.53901
0            723        1.47571
0            724        1.40481
0            725        1.31749
0            726        1.25072
0            727        1.18886
0            728        1.11872
0            729        1.04989
0            730       0.973385
0            731       0.895414
0            732       0.829616
0            733       0.772651
0            734       0.737402
0            735       0.714281
0            736       0.680376
0            737       0.646123
0            738       0.627691
0            739       0.600958
0            740       0.576274
0            741       0.543349
0            742       0.491268
0            743       0.439883
0            744       0.385784
0            745       0.313898
0            746       0.251113
0            747        0.21348
0            748       0.173504
0            749       0.134088
0            750       0.111512
0            751      0.0940484
0            752      0.0815232
0            753      0.0799707
0            754      0.0808175
0            755      0.0889642
0            756       0.101877
0            757       0.111967
0            758        0.11629
0            759       0.115353
0            760       0.107923
0            761      0.0939266
0            762      0.0898279
0            763      0.0910309
0            764      0.0835962
0            765      0.0734272
0            766      0.0622981
0            767      0.0577952
0            768      0.0558961
0            769      0.0501813
0            770      0.0406511
0            771      0.0273053
0            772      0.0112991
0            773     0.00673397
0            774     0.00165677
0            775     0.00159946
0            776     0.00146867
0            777     0.00126438
0            778    0.000986599
0            779    0.000635327
0            780    0.000210562
0            781              0
0            782              0
0            783              0
0            784              0
0            785              0
0            786              0
0            787              0
0            788              0
0            789              0
0            790              0
0            791              0
0            792              0
0            793              0
0            794              0
0            795              0
0            796              0
0            797              0
0            798              0
0            799              0
0            800              0
0            801              0
0            802              0
0            803              0
0            804              0
0            805              0
0            806              0
0            807              0
0            808              0
0            809              0
0            810              0
0            811              0
0            812              0
0            813              0
0            814              0
0            815              0
0            816              0
0            817              0
0            818              0
0            819              0
0            820              0
0            821              0
0            822              0
0            823              0
0            824              0
0            825              0
0            826              0
0            827              0
0            828              0
0            829              0
0            830              0
0            831              0
0            832              0
0            833              0
0            834              0
0            835              0
0            836              0
0            837              0
0            838              0
0            839              0
0            840              0
0            841              0
0            842              0
0            843              0
0            844              0
0            845              0
0            846              0
0            847              0
0            848              0
0            849              0
0            850              0
0            851              0
0            852              0
0            853              0
0            854              0
0            855              0
0            856              0
0            857              0
0            858              0
0            859              0
0            860              0
0            861              0
0            862              0
0            863              0
0            864              0
0            865              0
0            866              0
0            867              0
0            868              0
0            869              0
0            870              0
0            871              0
0            872              0
0            873              0
0            874              0
0            875              0
0            876              0
0            877              0
0            878              0
0            879              0
0            880              0
0            881              0
0            882              0
0            883              0
0            884              0
0            885              0
0            886              0
0            887              0
0            888              0
0            889              0
0            890              0
0            891              0
0            892              0
0            893              0
0            894              0
0            895              0
0            896              0
0            897              0
0            898              0
0            899              0
0            900              0
0            901              0
0            902              0
0            903              0
0            904              0
0            905              0
0            906              0
0            907              0
0            908              0
0            909              0
0            910              0
0            911              0
0            912              0
0            913              0
0            914              0
0            915              0
0            916              0
0            917              0
0            918              0
0            919              0
0            920              0
0            921              0
0            922              0
0            923              0
0            924              0
