0              0       0.783452
0              1        0.97442
0              2        1.22959
0              3         1.5205
0              4        1.87456
0              5        2.29143
0              6        2.81673
0              7        3.44675
0              8        4.20184
0              9        5.13044
0             10        6.25952
0             11        7.64679
0             12        9.22015
0             13        11.1031
0             14        13.2654
0             15          15.93
0             16        19.1533
0             17        22.8658
0             18        27.2101
0             19        32.0428
0             20        37.4602
0             21        43.6527
0             22        50.8092
0             23         58.817
0             24        67.7326
0             25        77.5869
0             26         88.385
0             27        99.6868
0             28        112.097
0             29        125.649
0             30        140.443
0             31        156.491
0             32          172.9
0             33        190.145
0             34        207.783
0             35        226.512
0             36        245.627
0             37        264.914
0             38        284.409
0             39        303.524
0             40        321.713
0             41        339.476
0             42        356.554
0             43        372.385
0             44        387.088
0             45        399.895
0             46        410.699
0             47        419.111
0             48         425.11
0             49        429.028
0             50        430.611
0             51        429.622
0             52        425.977
0             53        419.762
0             54        411.116
0             55        400.202
0             56        388.171
0             57        374.445
0             58        359.136
0             59        342.507
0             60        325.004
0             61        306.602
0             62        287.445
0             63            268
0             64        248.577
0             65        228.827
0             66        209.157
0             67        190.356
0             68         171.93
0             69        154.704
0             70        138.211
0             71        123.375
0             72        109.605
0             73        97.2034
0             74        86.0826
0             75        75.5793
0             76          65.81
0             77         57.328
0             78        49.6055
0             79        42.7588
0             80        36.4659
0             81        30.8959
0             82         26.083
0             83        21.9144
0             84        18.3423
0             85         15.356
0             86        12.7248
0             87        10.4042
0             88        8.45329
0             89        6.87333
0             90        5.54868
0             91        4.44376
0             92        3.47557
0             93          2.771
0             94         2.1773
0             95        1.68453
0             96         1.2946
0             97       0.968803
0             98       0.713523
0             99       0.509476
0            100       0.366698
0            101       0.173724
0            102       0.228522
0            103       0.295485
0            104       0.383017
0            105       0.498073
0            106       0.645045
0            107       0.828783
0            108        1.05074
0            109         1.3113
0            110         1.6289
0            111        2.01961
0            112        2.49786
0            113        3.08073
0            114        3.78587
0            115        4.59933
0            116        5.55601
0            117        6.68255
0            118        8.00433
0            119         9.5102
0            120        11.2747
0            121        13.3021
0            122        15.6146
0            123        18.2504
0            124        21.1554
0            125        24.4503
0            126        28.1277
0            127        32.1294
0            128        36.4805
0            129        41.1508
0            130        46.3192
0            131        51.8597
0            132        57.7578
0            133        64.0552
0            134        70.6498
0            135        77.4929
0            136        84.6375
0            137        91.9328
0            138        99.3921
0            139         106.84
0            140        114.245
0            141        121.517
0            142        128.497
0            143        135.175
0            144        141.411
0            145        146.954
0            146        151.959
0            147        156.263
0            148        159.703
0            149        162.115
0            150        163.482
0            151        163.894
0            152        163.385
0            153        161.858
0            154        159.436
0            155        156.046
0            156        151.975
0            157        147.168
0            158        141.749
0            159         135.74
0            160        129.343
0            161        122.575
0            162        115.558
0            163        108.352
0            164        101.081
0            165        93.8498
0            166        86.7191
0            167        79.6614
0            168        72.8505
0            169        66.2723
0            170        59.9306
0            171        53.8993
0            172        48.2218
0            173         42.883
0            174        37.9907
0            175        33.3952
0            176        29.2442
0            177        25.4974
0            178        22.0293
0            179        18.9264
0            180        16.1642
0            181        13.7298
0            182        11.5662
0            183        9.70291
0            184        8.10115
0            185        6.73274
0            186        5.57736
0            187        4.59872
0            188        3.75249
0            189        3.03505
0            190        2.45471
0            191        1.97834
0            192        1.58497
0            193        1.25569
0            194       0.997331
0            195       0.795652
0            196       0.632018
0            197       0.501283
0            198       0.396552
0            199       0.315769
0            200       0.245607
0            201       0.186766
0            202      0.0622203
0            203       0.079341
0            204       0.101258
0            205       0.128901
0            206       0.163648
0            207       0.208833
0            208       0.264539
0            209       0.332184
0            210       0.415549
0            211       0.515812
0            212       0.636236
0            213        0.78393
0            214       0.961311
0            215        1.17159
0            216        1.42294
0            217        1.72328
0            218        2.07769
0            219        2.49503
0            220        2.97972
0            221        3.53665
0            222        4.18361
0            223        4.91743
0            224        5.75196
0            225        6.70208
0            226        7.76061
0            227        8.92831
0            228         10.216
0            229        11.6279
0            230        13.1751
0            231        14.8421
0            232        16.6349
0            233        18.5472
0            234        20.5613
0            235        22.6793
0            236        24.8915
0            237        27.1628
0            238        29.4904
0            239        31.8469
0            240        34.1957
0            241        36.5145
0            242        38.7716
0            243         40.928
0            244        42.9434
0            245        44.8158
0            246        46.5016
0            247        47.9895
0            248        49.2696
0            249         50.296
0            250        51.0488
0            251        51.5079
0            252         51.663
0            253        51.5122
0            254        51.0608
0            255        50.3384
0            256        49.3389
0            257        48.0885
0            258        46.6074
0            259        44.9293
0            260         43.062
0            261         41.056
0            262        38.9034
0            263        36.6631
0            264        34.3526
0            265        32.0108
0            266        29.6541
0            267        27.3335
0            268        25.0397
0            269        22.7757
0            270        20.6003
0            271        18.5264
0            272        16.5654
0            273        14.7311
0            274         13.038
0            275        11.4754
0            276        10.0573
0            277          8.768
0            278        7.60112
0            279        6.55603
0            280        5.62493
0            281        4.80954
0            282        4.08862
0            283         3.4632
0            284        2.92329
0            285        2.45113
0            286        2.04999
0            287        1.70445
0            288        1.40972
0            289        1.16209
0            290       0.955818
0            291       0.782046
0            292        0.63729
0            293       0.516959
0            294       0.417405
0            295       0.333476
0            296       0.264377
0            297       0.209381
0            298       0.165188
0            299       0.129764
0            300       0.100989
0            301      0.0769612
0            302      0.0576728
0            303      0.0180987
0            304      0.0233438
0            305      0.0300395
0            306      0.0386985
0            307      0.0494693
0            308      0.0630696
0            309      0.0802657
0            310       0.101328
0            311       0.126685
0            312       0.157797
0            313       0.195338
0            314       0.240681
0            315       0.295359
0            316       0.360364
0            317       0.437167
0            318       0.527397
0            319        0.63316
0            320       0.756144
0            321       0.898146
0            322        1.06133
0            323        1.24789
0            324        1.46155
0            325        1.70361
0            326        1.97572
0            327        2.27976
0            328        2.61534
0            329        2.98566
0            330        3.39312
0            331        3.83548
0            332        4.31607
0            333        4.82931
0            334        5.37373
0            335        5.94991
0            336        6.55285
0            337        7.17496
0            338        7.81541
0            339        8.46439
0            340         9.1157
0            341        9.76468
0            342        10.4016
0            343        11.0187
0            344        11.6119
0            345        12.1701
0            346        12.6852
0            347        13.1539
0            348        13.5679
0            349        13.9172
0            350        14.1963
0            351        14.4003
0            352        14.5281
0            353        14.5791
0            354        14.5482
0            355        14.4345
0            356        14.2405
0            357         13.971
0            358        13.6327
0            359        13.2281
0            360         12.764
0            361        12.2473
0            362        11.6876
0            363        11.0901
0            364        10.4674
0            365        9.82436
0            366        9.16868
0            367        8.51183
0            368        7.86205
0            369        7.22096
0            370        6.59653
0            371        5.99228
0            372         5.4117
0            373        4.86183
0            374        4.34123
0            375        3.85582
0            376        3.40813
0            377         2.9953
0            378        2.61761
0            379        2.27325
0            380        1.96338
0            381         1.6877
0            382        1.44296
0            383         1.2285
0            384        1.04164
0            385       0.879759
0            386       0.738679
0            387       0.615963
0            388       0.510347
0            389       0.420695
0            390       0.344732
0            391       0.281527
0            392       0.228964
0            393       0.185452
0            394        0.14943
0            395       0.119531
0            396      0.0950577
0            397      0.0751857
0            398      0.0592784
0            399      0.0464243
0            400      0.0360571
0            401      0.0279993
0            402      0.0217398
0            403      0.0167801
0            404     0.00596115
0            405     0.00761255
0            406       0.009698
0            407      0.0123023
0            408      0.0155757
0            409      0.0196076
0            410      0.0245075
0            411      0.0304851
0            412      0.0377655
0            413      0.0465601
0            414      0.0571715
0            415       0.069825
0            416      0.0848345
0            417       0.102725
0            418       0.123938
0            419        0.14907
0            420       0.178579
0            421        0.21299
0            422       0.252841
0            423       0.298724
0            424       0.351311
0            425       0.411234
0            426       0.479004
0            427       0.554917
0            428       0.639196
0            429       0.732538
0            430       0.834927
0            431       0.946416
0            432        1.06732
0            433        1.19732
0            434        1.33637
0            435        1.48403
0            436        1.63943
0            437        1.80124
0            438        1.96865
0            439        2.13979
0            440        2.31396
0            441        2.48906
0            442        2.66287
0            443        2.83332
0            444         2.9988
0            445         3.1579
0            446        3.30807
0            447        3.44702
0            448        3.57267
0            449        3.68291
0            450        3.77616
0            451        3.84976
0            452        3.90375
0            453        3.93651
0            454        3.94734
0            455        3.93644
0            456        3.90447
0            457         3.8515
0            458        3.77847
0            459        3.68636
0            460         3.5771
0            461        3.45254
0            462        3.31385
0            463        3.16335
0            464        3.00404
0            465        2.83775
0            466        2.66647
0            467        2.49198
0            468        2.31583
0            469        2.14097
0            470        1.96894
0            471        1.80068
0            472        1.63859
0            473        1.48344
0            474        1.33636
0            475        1.19771
0            476        1.06768
0            477       0.946875
0            478       0.835471
0            479       0.733088
0            480       0.640162
0            481       0.556112
0            482       0.480714
0            483       0.413761
0            484       0.354158
0            485       0.301289
0            486       0.255056
0            487       0.214618
0            488       0.179722
0            489       0.149837
0            490       0.124229
0            491       0.102462
0            492       0.083887
0            493      0.0683966
0            494       0.055577
0            495      0.0450076
0            496      0.0363204
0            497      0.0292577
0            498      0.0234779
0            499      0.0187804
0            500      0.0149314
0            501      0.0118416
0            502     0.00935647
0            503       0.007329
0            504      0.0056975
0            505      0.0259745
0            506      0.0242009
0            507      0.0219992
0            508      0.0189199
0            509      0.0156091
0            510      0.0118192
0            511       0.008612
0            512     0.00573637
0            513     0.00371158
0            514     0.00277479
0            515     0.00186904
0            516     0.00166162
0            517     0.00165725
0            518     0.00154181
0            519     0.00143391
0            520     0.00156972
0            521     0.00165405
0            522     0.00165156
0            523     0.00156225
0            524     0.00140376
0            525     0.00116554
0            526    0.000853401
0            527    0.000481545
0            528    3.63437e-05
0            529              0
0            530              0
0            531              0
0            532              0
0            533              0
0            534              0
0            535              0
0            536              0
0            537              0
0            538              0
0            539              0
0            540              0
0            541              0
0            542              0
0            543              0
0            544              0
0            545              0
0            546              0
0            547              0
0            548              0
0            549              0
0            550              0
0            551              0
0            552              0
0            553              0
0            554              0
0            555              0
0            556              0
0            557              0
0            558              0
0            559              0
0            560              0
0            561              0
0            562              0
0            563              0
0            564              0
0            565              0
0            566              0
0            567              0
0            568              0
0            569              0
0            570              0
0            571              0
0            572              0
0            573              0
0            574              0
0            575        7.81616
0            576        7.61319
0            577        7.26837
0            578        6.82062
0            579         6.2354
0            580        5.55601
0            581        4.88767
0            582        4.29187
0            583        3.75796
0            584         3.3188
0            585        2.91539
0            586        2.54771
0            587        2.24551
0            588        1.94978
0            589        1.65803
0            590        1.40048
0            591        1.19813
0            592       0.989039
0            593       0.816159
0            594       0.678111
0            595       0.576133
0            596       0.542201
0            597       0.513656
0            598       0.465268
0            599       0.400271
0            600       0.307365
0            601        0.20727
0            602       0.125929
0            603      0.0872742
0            604      0.0868308
0            605      0.0862494
0            606      0.0864271
0            607      0.0759418
0            608      0.0569501
0            609      0.0312715
0            610     0.00965081
0            611     0.00311536
0            612    0.000858048
0            613              0
0            614              0
0            615              0
0            616              0
0            617              0
0            618              0
0            619              0
0            620              0
0            621              0
0            622              0
0            623              0
0            624              0
0            625              0
0            626              0
0            627              0
0            628              0
0            629              0
0            630              0
0            631              0
0            632              0
0            633              0
0            634              0
0            635              0
0            636              0
0            637              0
0            638              0
0            639              0
0            640              0
0            641              0
0            642              0
0            643              0
0            644              0
0            645        132.367
0            646        130.774
0            647        127.858
0            648        123.555
0            649        117.357
0            650        109.265
0            651        100.504
0            652        91.7704
0            653        83.2047
0            654        74.9228
0            655        67.0263
0            656        59.6992
0            657        52.9394
0            658        46.7399
0            659        41.0966
0            660        35.8353
0            661        31.1709
0            662        26.8549
0            663        22.8141
0            664        19.0272
0            665        15.8741
0            666        13.1868
0            667        10.8159
0            668        8.79475
0            669        7.10866
0            670        5.70387
0            671        4.53759
0            672        3.54623
0            673        2.77661
0            674        2.13029
0            675        1.68727
0            676        1.40094
0            677        1.15894
0            678       0.939637
0            679       0.733684
0            680       0.593193
0            681       0.465635
0            682       0.349723
0            683       0.259289
0            684       0.177727
0            685       0.111296
0            686      0.0821833
0            687       0.055548
0            688      0.0419666
0            689      0.0446509
0            690      0.0405412
0            691      0.0292308
0            692      0.0267082
0            693      0.0206777
0            694      0.0139891
0            695     0.00461226
0            696     0.00259915
0            697    5.44028e-05
0            698              0
0            699              0
0            700              0
0            701              0
0            702              0
0            703              0
0            704              0
0            705              0
0            706              0
0            707              0
0            708              0
0            709              0
0            710              0
0            711              0
0            712              0
0            713              0
0            714              0
0            715        134.404
0            716        132.811
0            717        129.861
0            718        125.354
0            719        118.988
0            720        110.726
0            721         101.56
0            722        92.2865
0            723        83.4388
0            724         75.043
0            725        66.9369
0            726         59.468
0            727        52.6164
0            728        46.4917
0            729        40.6532
0            730        35.3174
0            731         30.498
0            732        26.2197
0            733         22.541
0            734        19.1114
0            735        16.1226
0            736        13.6304
0            737        11.3334
0            738        9.25162
0            739        7.43355
0            740        5.91964
0            741        4.89885
0            742        4.05458
0            743        3.38088
0            744        2.81247
0            745        2.23254
0            746        1.76191
0            747        1.39287
0            748        1.08211
0            749       0.817097
0            750       0.641165
0            751       0.522328
0            752       0.409689
0            753       0.276998
0            754       0.209355
0            755       0.148837
0            756      0.0999842
0            757      0.0889461
0            758      0.0803437
0            759      0.0633603
0            760      0.0527195
0            761      0.0661268
0            762      0.0616031
0            763      0.0582575
0            764      0.0575151
0            765      0.0468374
0            766      0.0262243
0            767              0
0            768              0
0            769              0
0            770              0
0            771              0
0            772              0
0            773              0
0            774              0
0            775              0
0            776              0
0            777              0
0            778              0
0            779              0
0            780              0
0            781              0
0            782              0
0            783              0
0            784              0
0            785        7.33799
0            786        7.19023
0            787        6.95305
0            788        6.61242
0            789         6.1353
0            790        5.57736
0            791        5.00524
0            792        4.45785
0            793        3.96236
0            794        3.46664
0            795        2.99759
0            796        2.57858
0            797        2.23782
0            798        1.92859
0            799        1.67064
0            800        1.43556
0            801        1.24154
0            802        1.06241
0            803       0.907097
0            804       0.753164
0            805       0.623959
0            806       0.525369
0            807       0.432859
0            808       0.327901
0            809       0.221714
0            810       0.162345
0            811        0.14301
0            812       0.117783
0            813      0.0931142
0            814      0.0740849
0            815       0.054594
0            816      0.0251645
0            817     0.00334011
0            818     0.00108726
0            819              0
0            820    0.000202474
0            821    0.000563064
0            822    0.000841622
0            823     0.00103815
0            824     0.00115264
0            825      0.0011851
0            826     0.00113554
0            827     0.00100393
0            828    0.000790302
0            829    0.000494637
0            830    0.000116941
0            831              0
0            832              0
0            833              0
0            834              0
0            835              0
0            836              0
0            837              0
0            838              0
0            839              0
0            840              0
0            841              0
0            842              0
0            843              0
0            844              0
0            845              0
0            846              0
0            847              0
0            848              0
0            849              0
0            850              0
0            851              0
0            852              0
0            853              0
0            854              0
0            855      0.0356087
0            856      0.0363028
0            857      0.0352395
0            858      0.0343828
0            859      0.0313229
0            860      0.0268145
0            861      0.0236251
0            862      0.0205082
0            863      0.0181064
0            864      0.0153325
0            865      0.0119879
0            866       0.010069
0            867      0.0084897
0            868     0.00754024
0            869     0.00686545
0            870     0.00563051
0            871     0.00429696
0            872      0.0032494
0            873     0.00200905
0            874    0.000787432
0            875    0.000304658
0            876    0.000173313
0            877    1.23915e-05
0            878              0
0            879              0
0            880              0
0            881              0
0            882              0
0            883              0
0            884              0
0            885              0
0            886              0
0            887              0
0            888              0
0            889              0
0            890              0
0            891              0
0            892              0
0            893              0
0            894              0
0            895              0
0            896              0
0            897              0
0            898              0
0            899              0
0            900              0
0            901              0
0            902              0
0            903              0
0            904              0
0            905              0
0            906              0
0            907              0
0            908              0
0            909              0
0            910              0
0            911              0
0            912              0
0            913              0
0            914              0
0            915              0
0            916              0
0            917              0
0            918              0
0            919              0
0            920              0
0            921              0
0            922              0
0            923              0
0            924              0
