0              0      0.0638102
0              1      0.0657693
0              2      0.0680955
0              3      0.0708739
0              4      0.0740506
0              5      0.0776992
0              6      0.0818899
0              7      0.0867368
0              8      0.0925084
0              9      0.0990131
0             10       0.106657
0             11       0.115838
0             12       0.126462
0             13       0.138798
0             14       0.152921
0             15       0.169256
0             16       0.187776
0             17       0.209057
0             18       0.233383
0             19       0.260994
0             20       0.293208
0             21       0.331036
0             22       0.375097
0             23       0.425759
0             24       0.482988
0             25       0.552368
0             26       0.634262
0             27       0.729518
0             28       0.850173
0             29        1.01939
0             30        1.22289
0             31        1.44827
0             32        1.75111
0             33        2.17118
0             34        2.71838
0             35         3.4163
0             36        4.28539
0             37        5.32982
0             38        6.67467
0             39        8.54567
0             40        11.1675
0             41        14.5376
0             42        18.7715
0             43        24.4462
0             44        31.4227
0             45        40.7812
0             46        52.4926
0             47        66.6768
0             48        83.3011
0             49         101.76
0             50        122.533
0             51        145.442
0             52        169.197
0             53        192.556
0             54        215.763
0             55        238.189
0             56          257.6
0             57        273.698
0             58        285.036
0             59        290.422
0             60        290.002
0             61        283.747
0             62        271.721
0             63        257.607
0             64        239.655
0             65        219.002
0             66        195.869
0             67         171.54
0             68        147.336
0             69        124.142
0             70        102.686
0             71         83.279
0             72        67.0331
0             73        53.4488
0             74        42.4262
0             75        33.1012
0             76        25.7516
0             77        20.0646
0             78        15.7062
0             79        12.2391
0             80        9.56422
0             81        7.39306
0             82        5.83924
0             83        4.68067
0             84        3.90806
0             85        3.34976
0             86        2.92832
0             87         2.5542
0             88        2.27981
0             89        2.04804
0             90        1.84945
0             91     0.00586792
0             92     0.00591589
0             93     0.00598126
0             94     0.00607567
0             95     0.00619355
0             96     0.00632925
0             97     0.00655512
0             98     0.00691376
0             99     0.00729969
0            100     0.00779386
0            101     0.00861943
0            102     0.00977824
0            103      0.0113087
0            104      0.0135004
0            105      0.0161454
0            106      0.0193972
0            107      0.0238847
0            108      0.0295136
0            109      0.0364641
0            110      0.0454777
0            111      0.0574963
0            112      0.0733632
0            113      0.0943498
0            114       0.121935
0            115        0.15903
0            116        0.20768
0            117       0.271086
0            118        0.35241
0            119       0.454258
0            120       0.586491
0            121       0.748633
0            122       0.954862
0            123        1.22004
0            124        1.55912
0            125        2.00893
0            126        2.60466
0            127        3.38005
0            128        4.38011
0            129        5.65758
0            130         7.2925
0            131        9.42539
0            132        12.1076
0            133        15.4239
0            134         19.582
0            135        24.6928
0            136        30.8273
0            137        37.9997
0            138        46.1706
0            139        55.4725
0            140        66.2173
0            141        77.9129
0            142        90.4615
0            143        103.582
0            144        116.686
0            145        129.127
0            146         140.24
0            147         149.81
0            148        157.527
0            149        162.965
0            150         165.65
0            151        165.791
0            152        163.177
0            153        158.143
0            154        150.391
0            155         140.45
0            156        128.789
0            157        116.188
0            158        103.309
0            159        90.4692
0            160        78.0064
0            161        66.4257
0            162        55.8658
0            163        46.2864
0            164        37.9855
0            165        30.9834
0            166        25.1067
0            167        20.1516
0            168        16.0554
0            169        12.7188
0            170        10.0954
0            171        8.00972
0            172         6.3644
0            173        5.10061
0            174         4.1214
0            175        3.40246
0            176        2.85952
0            177        2.44077
0            178        2.11468
0            179         1.8587
0            180        1.65908
0            181        1.49682
0            182    0.000345761
0            183    0.000348193
0            184    0.000352463
0            185    0.000355564
0            186    0.000358414
0            187    0.000360437
0            188    0.000360946
0            189     0.00036016
0            190    0.000359276
0            191    0.000361292
0            192    0.000364094
0            193    0.000368108
0            194    0.000385466
0            195    0.000418847
0            196    0.000452754
0            197    0.000493873
0            198    0.000591211
0            199    0.000754255
0            200    0.000972671
0            201     0.00129435
0            202     0.00179243
0            203     0.00251732
0            204     0.00370965
0            205     0.00576231
0            206      0.0088074
0            207      0.0131601
0            208      0.0195861
0            209      0.0290576
0            210      0.0431821
0            211      0.0646559
0            212      0.0948969
0            213       0.138088
0            214       0.200606
0            215       0.292359
0            216       0.420917
0            217       0.603078
0            218       0.855179
0            219        1.19977
0            220        1.67815
0            221        2.30953
0            222        3.13162
0            223        4.20159
0            224          5.564
0            225        7.28076
0            226        9.38425
0            227        11.9274
0            228        14.9477
0            229        18.4823
0            230        22.5453
0            231        27.0672
0            232        32.0077
0            233        37.2732
0            234        42.7031
0            235        48.1711
0            236        53.4242
0            237        58.2413
0            238        62.4066
0            239        65.7335
0            240        68.0372
0            241        69.1926
0            242        69.1788
0            243        68.0021
0            244        65.7079
0            245        62.4103
0            246        58.2334
0            247        53.4533
0            248        48.2685
0            249        42.8991
0            250        37.4935
0            251        32.2909
0            252        27.4237
0            253        22.9211
0            254        18.8264
0            255        15.2329
0            256        12.1272
0            257        9.50298
0            258        7.32987
0            259        5.58628
0            260        4.21715
0            261        3.15023
0            262        2.35555
0            263        1.75994
0            264        1.32035
0            265        1.00502
0            266       0.781775
0            267       0.625286
0            268       0.517603
0            269       0.440992
0            270       0.387432
0            271       0.348244
0            272       0.316849
0            273     5.4645e-05
0            274    5.47727e-05
0            275    5.44158e-05
0            276    5.36843e-05
0            277      5.265e-05
0            278    5.19207e-05
0            279    5.25196e-05
0            280    5.27335e-05
0            281    5.28043e-05
0            282    5.36904e-05
0            283    5.53064e-05
0            284    5.83332e-05
0            285    6.15332e-05
0            286    6.52494e-05
0            287    7.71745e-05
0            288     9.0549e-05
0            289     0.00010503
0            290    0.000129624
0            291    0.000160217
0            292    0.000209721
0            293    0.000292005
0            294    0.000404158
0            295    0.000559723
0            296    0.000769975
0            297     0.00105873
0            298     0.00143973
0            299     0.00198787
0            300     0.00320616
0            301     0.00509419
0            302     0.00793198
0            303      0.0116327
0            304      0.0170847
0            305      0.0252188
0            306      0.0379261
0            307      0.0568657
0            308      0.0841829
0            309       0.124399
0            310       0.181651
0            311       0.261424
0            312       0.371609
0            313       0.520952
0            314       0.722448
0            315       0.987701
0            316        1.32866
0            317        1.75757
0            318        2.28939
0            319        2.93479
0            320        3.70632
0            321        4.60628
0            322        5.62311
0            323        6.74566
0            324        7.94553
0            325        9.20054
0            326        10.4669
0            327        11.6875
0            328        12.8132
0            329        13.8005
0            330        14.5912
0            331        15.1502
0            332        15.4321
0            333        15.4346
0            334        15.1614
0            335        14.6188
0            336        13.8377
0            337        12.8544
0            338        11.7167
0            339        10.4768
0            340         9.2023
0            341        7.93539
0            342        6.73002
0            343        5.61553
0            344        4.61204
0            345        3.72159
0            346        2.95025
0            347         2.2982
0            348        1.76145
0            349        1.32981
0            350        0.98838
0            351       0.723846
0            352       0.522539
0            353       0.372973
0            354       0.263464
0            355       0.185043
0            356       0.131063
0            357       0.095954
0            358      0.0736168
0            359      0.0589776
0            360      0.0495187
0            361      0.0432609
0            362      0.0389047
0            363      0.0354048
0            364    6.45183e-07
0            365    6.89957e-07
0            366    7.31052e-07
0            367    7.68415e-07
0            368    8.03367e-07
0            369    8.47048e-07
0            370    8.86604e-07
0            371    9.21965e-07
0            372    9.53421e-07
0            373    1.01262e-06
0            374    1.06633e-06
0            375    1.11463e-06
0            376    1.15734e-06
0            377    1.19454e-06
0            378     1.2567e-06
0            379    1.32909e-06
0            380    1.45765e-06
0            381    1.85581e-06
0            382    2.36277e-06
0            383    2.88127e-06
0            384    3.91781e-06
0            385    5.14314e-06
0            386    6.33047e-06
0            387     7.5991e-06
0            388    8.78562e-06
0            389     9.9317e-06
0            390    1.11169e-05
0            391    1.22488e-05
0            392    1.33757e-05
0            393    1.47226e-05
0            394    1.67967e-05
0            395    1.89012e-05
0            396    2.09691e-05
0            397    2.30888e-05
0            398    2.53568e-05
0            399    2.78165e-05
0            400    3.16486e-05
0            401    3.83964e-05
0            402    4.59533e-05
0            403    5.45131e-05
0            404    6.53705e-05
0            405    7.74704e-05
0            406    9.37574e-05
0            407    0.000112898
0            408    0.000133539
0            409    0.000157894
0            410    0.000186362
0            411    0.000217461
0            412    0.000255269
0            413    0.000297656
0            414    0.000341011
0            415    0.000390473
0            416    0.000449499
0            417    0.000524692
0            418     0.00062228
0            419    0.000737871
0            420    0.000875163
0            421     0.00103671
0            422     0.00123874
0            423     0.00148676
0            424      0.0017945
0            425     0.00217684
0            426     0.00264758
0            427     0.00321184
0            428     0.00390135
0            429     0.00472133
0            430     0.00568833
0            431     0.00682424
0            432     0.00817336
0            433     0.00981322
0            434      0.0117463
0            435      0.0141028
0            436      0.0168494
0            437      0.0200346
0            438      0.0237823
0            439      0.0281104
0            440      0.0331267
0            441      0.0390222
0            442       0.045858
0            443       0.053832
0            444      0.0630255
0            445      0.0735964
0            446      0.0857531
0            447      0.0996966
0            448       0.115693
0            449       0.133999
0            450       0.154836
0            451       0.178272
0            452       0.204628
0            453       0.234222
0            454       0.266991
0            455       0.302974
0            456       0.342418
0            457       0.385391
0            458       0.432183
0            459       0.482699
0            460       0.537274
0            461       0.595832
0            462       0.657748
0            463       0.722868
0            464       0.790894
0            465       0.861149
0            466       0.933611
0            467        1.00714
0            468        1.08181
0            469        1.15673
0            470        1.23079
0            471        1.30393
0            472        1.37432
0            473        1.44234
0            474        1.50679
0            475        1.56685
0            476        1.62189
0            477        1.67074
0            478        1.71335
0            479        1.74928
0            480        1.77768
0            481         1.7985
0            482        1.81138
0            483        1.81638
0            484        1.81292
0            485        1.80086
0            486        1.77969
0            487        1.75021
0            488        1.71268
0            489        1.66819
0            490        1.61689
0            491        1.55977
0            492        1.49819
0            493        1.43305
0            494        1.36525
0            495        1.29499
0            496        1.22255
0            497        1.14911
0            498        1.07577
0            499        1.00264
0            500       0.929826
0            501       0.858269
0            502       0.788659
0            503       0.721519
0            504       0.657254
0            505       0.596517
0            506       0.539089
0            507       0.484946
0            508       0.434123
0            509       0.386774
0            510       0.343401
0            511       0.303695
0            512        0.26765
0            513       0.234735
0            514       0.204749
0            515       0.177897
0            516       0.154007
0            517       0.132803
0            518       0.114288
0            519      0.0981001
0            520      0.0839011
0            521       0.071696
0            522      0.0610837
0            523      0.0519192
0            524      0.0441023
0            525      0.0374317
0            526      0.0317781
0            527      0.0268827
0            528      0.0227299
0            529      0.0192439
0            530      0.0163585
0            531      0.0139263
0            532      0.0118828
0            533       0.010154
0            534     0.00873738
0            535     0.00761126
0            536     0.00668059
0            537     0.00587301
0            538     0.00522198
0            539      0.0046734
0            540     0.00423902
0            541     0.00389298
0            542     0.00361364
0            543     0.00335448
0            544     0.00311726
0            545        1.00169
0            546       0.931957
0            547       0.814653
0            548       0.676766
0            549        0.52992
0            550       0.399899
0            551       0.293411
0            552       0.212732
0            553       0.153539
0            554        0.11146
0            555      0.0806376
0            556      0.0602827
0            557      0.0446349
0            558      0.0337196
0            559      0.0250043
0            560      0.0198004
0            561      0.0152641
0            562      0.0114109
0            563     0.00795339
0            564     0.00615838
0            565     0.00476762
0            566     0.00379401
0            567     0.00319423
0            568     0.00273739
0            569     0.00236659
0            570     0.00206302
0            571     0.00181592
0            572     0.00160058
0            573     0.00142479
0            574     0.00127247
0            575     0.00113912
0            576     0.00102385
0            577    0.000912181
0            578    0.000809739
0            579    0.000783643
0            580    0.000778243
0            581    0.000766917
0            582    0.000751159
0            583    0.000733254
0            584    0.000710492
0            585    0.000685937
0            586    0.000661722
0            587    0.000633363
0            588    0.000603042
0            589    0.000567405
0            590    0.000532859
0            591    0.000496646
0            592    0.000453442
0            593    0.000402299
0            594    0.000343379
0            595     0.00027697
0            596    0.000249296
0            597    0.000236478
0            598    0.000237566
0            599    0.000238695
0            600    0.000239751
0            601     0.00024028
0            602    0.000240869
0            603    0.000241205
0            604     0.00024099
0            605     0.00024032
0            606    0.000239626
0            607    0.000239017
0            608    0.000238721
0            609    0.000238493
0            610    0.000238282
0            611    0.000237772
0            612    0.000236775
0            613    0.000235645
0            614    0.000234522
0            615         6.5354
0            616        6.02566
0            617        5.17604
0            618        4.14725
0            619        3.13706
0            620        2.28765
0            621        1.66906
0            622        1.21202
0            623       0.883639
0            624       0.659176
0            625       0.480373
0            626       0.342355
0            627       0.236997
0            628       0.171756
0            629       0.124894
0            630      0.0958168
0            631      0.0712911
0            632      0.0499612
0            633       0.036403
0            634      0.0317017
0            635      0.0280676
0            636      0.0225771
0            637      0.0155045
0            638     0.00982623
0            639     0.00849728
0            640     0.00716793
0            641     0.00582057
0            642     0.00452106
0            643     0.00382609
0            644     0.00306947
0            645     0.00245468
0            646      0.0022084
0            647     0.00194812
0            648      0.0016902
0            649     0.00174402
0            650     0.00203726
0            651     0.00228591
0            652     0.00276717
0            653     0.00309495
0            654     0.00330137
0            655     0.00335564
0            656     0.00326186
0            657     0.00300476
0            658     0.00258778
0            659     0.00200596
0            660     0.00169339
0            661     0.00129939
0            662    0.000887957
0            663    0.000788426
0            664    0.000667486
0            665    0.000525181
0            666    0.000430264
0            667    0.000399938
0            668    0.000410262
0            669    0.000419444
0            670    0.000426862
0            671    0.000431431
0            672    0.000434164
0            673    0.000434366
0            674    0.000431785
0            675    0.000426435
0            676     0.00041879
0            677    0.000408893
0            678    0.000397479
0            679     0.00038418
0            680    0.000368622
0            681    0.000350571
0            682    0.000330001
0            683    0.000321921
0            684    0.000320557
0            685        35.3588
0            686        32.9169
0            687        28.7291
0            688        23.3576
0            689        18.1591
0            690        13.6753
0            691        10.1142
0            692        7.50486
0            693         5.5569
0            694        4.14389
0            695        3.05556
0            696        2.27093
0            697        1.72461
0            698         1.3793
0            699        1.07273
0            700       0.797155
0            701       0.634055
0            702       0.514496
0            703       0.433028
0            704       0.367228
0            705        0.27863
0            706       0.193634
0            707       0.125131
0            708      0.0829425
0            709      0.0637429
0            710      0.0558412
0            711      0.0493856
0            712      0.0428368
0            713      0.0352093
0            714      0.0308125
0            715      0.0290187
0            716      0.0261478
0            717      0.0258976
0            718      0.0278447
0            719      0.0260403
0            720      0.0215459
0            721      0.0159634
0            722     0.00962798
0            723     0.00644046
0            724     0.00595307
0            725     0.00560557
0            726     0.00639846
0            727     0.00918404
0            728      0.0099953
0            729     0.00870228
0            730     0.00605551
0            731     0.00214409
0            732     0.00170434
0            733     0.00156958
0            734     0.00137461
0            735     0.00111632
0            736    0.000960709
0            737     0.00105486
0            738     0.00113159
0            739     0.00113371
0            740     0.00106932
0            741    0.000946671
0            742    0.000757546
0            743    0.000748737
0            744    0.000734321
0            745    0.000710649
0            746    0.000679845
0            747    0.000640275
0            748    0.000592842
0            749    0.000566231
0            750    0.000540995
0            751    0.000510287
0            752     0.00047409
0            753    0.000454095
0            754    0.000442032
0            755         126.93
0            756        121.181
0            757        110.043
0            758        93.7632
0            759        76.8988
0            760        60.7033
0            761         46.481
0            762        35.4002
0            763        26.6651
0            764        20.0795
0            765        15.1955
0            766        11.7705
0            767        9.15452
0            768        7.16361
0            769         5.5783
0            770        4.25601
0            771        3.21727
0            772        2.47726
0            773        1.98815
0            774        1.62169
0            775        1.30863
0            776        1.02918
0            777        0.81236
0            778       0.670174
0            779       0.550926
0            780       0.458735
0            781       0.371937
0            782       0.286928
0            783       0.225328
0            784       0.175777
0            785       0.146009
0            786         0.1098
0            787       0.076552
0            788       0.069776
0            789      0.0684351
0            790      0.0638121
0            791      0.0530931
0            792       0.039314
0            793      0.0305395
0            794       0.021191
0            795      0.0201237
0            796      0.0185633
0            797       0.018851
0            798      0.0167855
0            799      0.0139055
0            800      0.0112765
0            801      0.0078176
0            802     0.00758805
0            803     0.00771562
0            804     0.00829021
0            805     0.00763577
0            806     0.00742978
0            807     0.00899391
0            808     0.00902043
0            809     0.00948742
0            810     0.00838511
0            811     0.00571548
0            812     0.00170586
0            813     0.00151277
0            814     0.00127026
0            815     0.00093833
0            816    0.000841569
0            817    0.000785123
0            818    0.000714986
0            819    0.000674138
0            820    0.000635477
0            821    0.000604198
0            822    0.000599558
0            823    0.000596744
0            824    0.000592976
0            825        262.011
0            826        254.817
0            827        238.079
0            828        210.362
0            829        179.073
0            830        145.257
0            831        113.391
0            832        87.1108
0            833        66.6811
0            834        50.9519
0            835        39.1115
0            836        30.0156
0            837        23.1607
0            838        18.0806
0            839        14.0333
0            840        10.9006
0            841          8.518
0            842        6.70339
0            843        5.19948
0            844        4.00659
0            845        3.11876
0            846        2.51456
0            847        2.08792
0            848         1.6669
0            849        1.31659
0            850        1.07818
0            851       0.931053
0            852       0.770553
0            853       0.609876
0            854       0.443881
0            855       0.324653
0            856       0.241645
0            857       0.183712
0            858       0.126338
0            859      0.0955564
0            860      0.0825368
0            861      0.0740338
0            862      0.0607799
0            863      0.0527211
0            864      0.0427582
0            865      0.0375176
0            866      0.0338617
0            867      0.0309207
0            868      0.0263065
0            869      0.0230974
0            870      0.0204097
0            871      0.0169233
0            872      0.0158988
0            873      0.0209675
0            874      0.0232329
0            875      0.0217819
0            876      0.0173023
0            877      0.0108541
0            878     0.00905908
0            879     0.00632377
0            880     0.00431584
0            881     0.00271475
0            882     0.00233501
0            883      0.0020209
0            884     0.00163764
0            885     0.00112223
0            886    0.000951237
0            887     0.00181239
0            888     0.00270103
0            889     0.00320933
0            890     0.00333331
0            891     0.00307623
0            892     0.00241376
0            893     0.00134646
0            894    0.000822463
0            895        274.081
0            896        267.468
0            897        251.116
0            898        222.594
0            899        189.813
0            900        154.565
0            901        121.804
0            902        94.1248
0            903        72.4672
0            904        55.5973
0            905        42.6839
0            906        32.7841
0            907        25.1978
0            908        19.2249
0            909        14.9394
0            910        11.8209
0            911        9.22945
0            912        7.07819
0            913        5.42459
0            914        4.17862
0            915        3.31757
0            916        2.65196
0            917        2.15497
0            918         1.7304
0            919        1.42106
0            920        1.13996
0            921       0.913249
0            922       0.712543
0            923       0.541533
0            924       0.387247
0            925       0.305552
0            926       0.243283
0            927       0.195434
0            928       0.159919
0            929       0.133484
0            930       0.119732
0            931        0.10623
0            932      0.0889502
0            933      0.0710282
0            934      0.0490268
0            935       0.037694
0            936      0.0330131
0            937      0.0331903
0            938      0.0319293
0            939      0.0282519
0            940      0.0260883
0            941      0.0244503
0            942         0.0195
0            943      0.0181322
0            944      0.0170122
0            945      0.0143037
0            946      0.0108636
0            947     0.00953597
0            948     0.00825372
0            949     0.00643795
0            950      0.0049918
0            951     0.00410946
0            952     0.00366921
0            953     0.00337849
0            954     0.00294849
0            955     0.00221692
0            956     0.00136598
0            957      0.0010854
0            958      0.0010608
0            959     0.00102571
0            960      0.0017271
0            961     0.00449278
0            962     0.00599238
0            963     0.00622848
0            964     0.00520105
