0              0       0.339014
0              1       0.346618
0              2       0.354991
0              3       0.364205
0              4       0.374517
0              5        0.39031
0              6        0.41395
0              7       0.454566
0              8       0.510737
0              9       0.609768
0             10       0.796437
0             11        1.06443
0             12        1.34862
0             13        1.79236
0             14        2.89855
0             15        4.69523
0             16        7.22497
0             17        10.4047
0             18        14.5469
0             19        19.4355
0             20        25.4609
0             21        32.6932
0             22          41.05
0             23        50.5465
0             24        59.1471
0             25        65.8918
0             26        71.9508
0             27        75.7989
0             28        77.1593
0             29        76.2053
0             30        72.7288
0             31        66.2176
0             32        57.7092
0             33        48.4007
0             34        40.2658
0             35        32.9503
0             36        25.8747
0             37         19.587
0             38        14.3402
0             39        10.0519
0             40        7.01816
0             41        4.85279
0             42        3.36024
0             43        2.31005
0             44        1.73011
0             45        1.24875
0             46       0.926737
0             47       0.688601
0             48       0.510623
0             49       0.430102
0             50       0.379465
0             51       0.338027
0             52       0.301867
0             53       0.279195
0             54       0.256494
0             55       0.242602
0             56       0.232305
0             57       0.222056
0             58       0.212479
0             59       0.203383
0             60       0.195483
0             61       0.188933
0             62       0.182869
0             63       0.176926
0             64       0.171113
0             65       0.165382
0             66       0.160008
0             67       0.155104
0             68        0.15044
0             69       0.146049
0             70       0.141945
0             71       0.138101
0             72       0.134526
0             73        0.13109
0             74       0.127853
0             75       0.124754
0             76       0.121848
0             77       0.119279
0             78       0.116823
0             79       0.114492
0             80       0.112307
0             81       0.110246
0             82       0.108292
0             83       0.106455
0             84       0.104678
0             85       0.102995
0             86       0.101417
0             87      0.0999935
0             88      0.0987576
0             89       0.097601
0             90      0.0965909
0             91        0.48734
0             92       0.507755
0             93       0.529325
0             94       0.553987
0             95       0.584288
0             96       0.623442
0             97       0.680383
0             98       0.754858
0             99       0.847739
0            100       0.969603
0            101        1.17801
0            102        1.51754
0            103        1.98473
0            104        2.63467
0            105        3.54564
0            106        4.89842
0            107        6.78961
0            108        9.34567
0            109        12.7361
0            110        16.9458
0            111         21.903
0            112        27.7097
0            113        34.6383
0            114        42.2471
0            115        50.0474
0            116        57.1991
0            117        63.0202
0            118        66.8852
0            119        68.2342
0            120        67.3479
0            121        64.0231
0            122        58.1896
0            123        51.5653
0            124        44.3583
0            125        36.6723
0            126        29.1095
0            127        22.2452
0            128        16.5349
0            129        12.1236
0            130         8.7694
0            131        6.33895
0            132        4.55872
0            133        3.28911
0            134        2.32421
0            135        1.62306
0            136        1.19141
0            137       0.905539
0            138       0.716565
0            139       0.582962
0            140       0.495433
0            141       0.435085
0            142       0.382022
0            143       0.339995
0            144       0.307732
0            145       0.278694
0            146       0.253539
0            147       0.232716
0            148       0.214281
0            149        0.19811
0            150       0.184137
0            151       0.171405
0            152       0.159643
0            153        0.14918
0            154       0.139481
0            155       0.130427
0            156       0.121936
0            157        0.11414
0            158       0.106878
0            159       0.100245
0            160      0.0949069
0            161      0.0899414
0            162      0.0853496
0            163      0.0810959
0            164      0.0771503
0            165       0.073479
0            166      0.0701794
0            167      0.0671144
0            168      0.0642504
0            169      0.0616494
0            170      0.0593802
0            171      0.0573878
0            172      0.0556159
0            173      0.0540681
0            174      0.0526756
0            175      0.0514123
0            176      0.0502285
0            177      0.0491196
0            178      0.0480771
0            179      0.0470968
0            180      0.0462239
0            181      0.0454406
0            182       0.672104
0            183        0.70107
0            184       0.732118
0            185       0.765834
0            186       0.803949
0            187       0.849787
0            188       0.907816
0            189       0.979179
0            190        1.06615
0            191        1.18068
0            192        1.33701
0            193        1.54889
0            194        1.83494
0            195        2.22253
0            196         2.7726
0            197        3.55082
0            198        4.62841
0            199        6.12348
0            200        8.06347
0            201        10.5332
0            202        13.5776
0            203        17.1332
0            204        21.1736
0            205        25.4915
0            206        29.8219
0            207        33.8567
0            208        37.2536
0            209        39.5125
0            210        40.3327
0            211        39.5298
0            212         37.239
0            213        33.9593
0            214        29.9062
0            215        25.4911
0            216        21.0955
0            217        16.9677
0            218        13.3275
0            219        10.2528
0            220        7.73248
0            221        5.77233
0            222        4.31217
0            223        3.24142
0            224        2.46812
0            225        1.91419
0            226        1.51541
0            227        1.21999
0            228       0.991599
0            229       0.813974
0            230       0.673614
0            231        0.56153
0            232       0.474678
0            233       0.404311
0            234       0.346181
0            235       0.297955
0            236       0.257308
0            237       0.221819
0            238        0.19078
0            239       0.164723
0            240       0.143355
0            241       0.125132
0            242       0.109364
0            243      0.0957894
0            244      0.0838233
0            245      0.0735227
0            246       0.064519
0            247      0.0566606
0            248       0.049877
0            249      0.0439731
0            250      0.0388994
0            251      0.0344935
0            252      0.0306978
0            253      0.0274371
0            254      0.0246875
0            255      0.0222729
0            256      0.0201861
0            257      0.0184094
0            258      0.0168969
0            259      0.0155912
0            260      0.0144867
0            261      0.0135259
0            262      0.0126963
0            263      0.0119907
0            264      0.0114085
0            265      0.0109124
0            266      0.0104512
0            267      0.0100469
0            268     0.00969493
0            269     0.00938197
0            270     0.00909205
0            271     0.00883432
0            272     0.00859248
0            273        0.55898
0            274       0.571501
0            275       0.578612
0            276       0.582052
0            277        0.58342
0            278        0.58488
0            279       0.589944
0            280        0.60265
0            281       0.629743
0            282       0.680528
0            283       0.763986
0            284       0.889629
0            285        1.06621
0            286        1.30639
0            287         1.6274
0            288        2.05214
0            289        2.61333
0            290        3.34182
0            291        4.26987
0            292         5.4439
0            293        6.87789
0            294        8.55541
0            295          10.43
0            296        12.4214
0            297        14.4062
0            298         16.215
0            299        17.6788
0            300        18.6326
0            301        18.9912
0            302        18.7019
0            303        17.7907
0            304        16.3462
0            305        14.5289
0            306        12.5005
0            307        10.4579
0            308        8.55697
0            309        6.86458
0            310        5.43288
0            311        4.26902
0            312        3.33832
0            313        2.61253
0            314        2.04812
0            315        1.61245
0            316        1.27535
0            317        1.01359
0            318       0.809308
0            319       0.647145
0            320       0.518246
0            321       0.415066
0            322       0.333085
0            323       0.267355
0            324       0.214426
0            325       0.171339
0            326       0.136548
0            327       0.108732
0            328      0.0865873
0            329      0.0691307
0            330       0.055223
0            331      0.0439186
0            332      0.0349862
0            333      0.0280364
0            334      0.0225382
0            335      0.0180941
0            336      0.0145981
0            337      0.0117784
0            338     0.00948431
0            339     0.00764027
0            340     0.00617732
0            341     0.00499975
0            342     0.00403121
0            343     0.00326076
0            344     0.00266194
0            345       0.002184
0            346      0.0017993
0            347     0.00146186
0            348     0.00119306
0            349    0.000980588
0            350    0.000807459
0            351    0.000663648
0            352    0.000555942
0            353    0.000474943
0            354    0.000423332
0            355    0.000390384
0            356    0.000364132
0            357    0.000349325
0            358    0.000344701
0            359    0.000340474
0            360    0.000338368
0            361    0.000334665
0            362    0.000330922
0            363    0.000325905
0            364        0.15349
0            365       0.153493
0            366       0.152193
0            367       0.149612
0            368       0.145845
0            369       0.141008
0            370       0.135209
0            371       0.128635
0            372       0.121521
0            373       0.114044
0            374       0.106545
0            375      0.0993407
0            376      0.0929291
0            377      0.0878573
0            378      0.0846525
0            379      0.0835991
0            380      0.0850172
0            381      0.0891744
0            382      0.0962337
0            383       0.106367
0            384       0.119562
0            385       0.136166
0            386       0.156694
0            387       0.181274
0            388       0.210513
0            389       0.244854
0            390       0.285284
0            391         0.3328
0            392       0.388226
0            393       0.453119
0            394       0.528563
0            395       0.616456
0            396       0.718431
0            397       0.836229
0            398       0.971355
0            399        1.12562
0            400        1.30087
0            401        1.50012
0            402        1.72379
0            403        1.97394
0            404        2.25082
0            405          2.555
0            406        2.88396
0            407        3.23833
0            408        3.61475
0            409        4.00648
0            410        4.40787
0            411        4.81222
0            412        5.21234
0            413          5.597
0            414        5.95724
0            415        6.28319
0            416         6.5662
0            417        6.79624
0            418        6.96449
0            419        7.06722
0            420         7.1017
0            421        7.06634
0            422        6.96137
0            423        6.79124
0            424        6.56044
0            425         6.2783
0            426        5.95259
0            427        5.59418
0            428        5.21337
0            429        4.81732
0            430         4.4146
0            431        4.01436
0            432         3.6252
0            433        3.25137
0            434        2.89788
0            435        2.56714
0            436        2.26133
0            437        1.98206
0            438        1.72963
0            439         1.5037
0            440        1.30266
0            441         1.1254
0            442       0.969831
0            443       0.833898
0            444       0.715894
0            445       0.613979
0            446       0.525898
0            447       0.450113
0            448       0.385137
0            449       0.329301
0            450       0.281616
0            451       0.240919
0            452       0.205862
0            453       0.176023
0            454       0.150298
0            455        0.12828
0            456       0.109414
0            457      0.0931875
0            458       0.079282
0            459      0.0674981
0            460      0.0573806
0            461      0.0487477
0            462      0.0414287
0            463      0.0351739
0            464      0.0298428
0            465      0.0253025
0            466      0.0214244
0            467       0.018119
0            468      0.0153029
0            469      0.0128883
0            470      0.0108594
0            471     0.00917233
0            472     0.00776476
0            473     0.00653995
0            474     0.00550293
0            475     0.00463466
0            476     0.00391881
0            477     0.00331924
0            478     0.00279624
0            479     0.00235581
0            480     0.00198327
0            481     0.00166558
0            482     0.00139134
0            483     0.00116664
0            484    0.000980763
0            485     0.00082643
0            486    0.000699803
0            487    0.000595723
0            488    0.000512483
0            489    0.000438406
0            490    0.000373861
0            491    0.000318388
0            492    0.000269995
0            493      0.0002278
0            494    0.000191807
0            495     0.00016252
0            496    0.000136366
0            497    0.000115069
0            498    9.78464e-05
0            499    8.27863e-05
0            500    7.04014e-05
0            501    5.86921e-05
0            502    4.93619e-05
0            503    4.32138e-05
0            504    3.72547e-05
0            505     3.1748e-05
0            506    2.62038e-05
0            507    2.09934e-05
0            508    1.62691e-05
0            509    1.21945e-05
0            510    9.23677e-06
0            511    6.84223e-06
0            512    4.78668e-06
0            513    3.22715e-06
0            514    2.47091e-06
0            515     1.9224e-06
0            516    1.47121e-06
0            517    1.06076e-06
0            518    7.92995e-07
0            519    5.80701e-07
0            520    3.99885e-07
0            521    2.90714e-07
0            522    2.20293e-07
0            523    1.77286e-07
0            524    1.32541e-07
0            525    8.60885e-08
0            526    8.01583e-08
0            527    8.67552e-08
0            528    9.29673e-08
0            529    9.88175e-08
0            530    1.04293e-07
0            531    1.09408e-07
0            532    1.14151e-07
0            533    1.18525e-07
0            534    1.22503e-07
0            535    1.26129e-07
0            536    1.29376e-07
0            537    1.32215e-07
0            538      1.347e-07
0            539    1.36796e-07
0            540    1.38526e-07
0            541    1.39871e-07
0            542    1.40825e-07
0            543    1.41388e-07
0            544    1.41585e-07
0            545        213.072
0            546        174.905
0            547        147.893
0            548        138.173
0            549        103.161
0            550        67.8028
0            551        42.5601
0            552        25.7927
0            553        14.6387
0            554        8.20352
0            555        4.80243
0            556        2.73679
0            557        1.41578
0            558       0.679351
0            559       0.328221
0            560       0.206348
0            561       0.144689
0            562      0.0728336
0            563      0.0453818
0            564       0.025701
0            565     0.00849398
0            566     0.00212435
0            567      0.0016951
0            568     0.00134976
0            569      0.0010961
0            570    0.000905062
0            571    0.000766764
0            572    0.000653985
0            573    0.000559216
0            574    0.000480914
0            575    0.000416895
0            576    0.000360847
0            577    0.000312167
0            578    0.000271941
0            579    0.000238358
0            580    0.000209647
0            581     0.00018532
0            582    0.000165025
0            583    0.000147429
0            584     0.00013226
0            585    0.000118919
0            586    0.000107062
0            587    9.63808e-05
0            588    8.67144e-05
0            589    7.82026e-05
0            590    7.07532e-05
0            591    6.40324e-05
0            592    5.79243e-05
0            593    5.24259e-05
0            594    4.74968e-05
0            595    4.29334e-05
0            596    3.87318e-05
0            597    3.49245e-05
0            598    3.14652e-05
0            599    2.85112e-05
0            600    2.59167e-05
0            601    2.35831e-05
0            602     2.1572e-05
0            603    1.97825e-05
0            604     1.8102e-05
0            605    1.65674e-05
0            606    1.51746e-05
0            607     1.3887e-05
0            608    1.26842e-05
0            609    1.15862e-05
0            610    1.05946e-05
0            611    9.67876e-06
0            612    8.82745e-06
0            613    8.03806e-06
0            614    7.32169e-06
0            615        145.312
0            616        108.129
0            617        79.6043
0            618        68.4849
0            619        49.9815
0            620        32.8841
0            621        20.0388
0            622        10.9952
0            623        6.05941
0            624        3.45266
0            625        1.92962
0            626        1.00035
0            627       0.509657
0            628       0.305608
0            629       0.169665
0            630      0.0685485
0            631      0.0489511
0            632      0.0517335
0            633      0.0234249
0            634      0.0117149
0            635     0.00270922
0            636     0.00181592
0            637      0.0014591
0            638     0.00117424
0            639     0.00095613
0            640    0.000796124
0            641    0.000675442
0            642     0.00057687
0            643    0.000493732
0            644     0.00042481
0            645    0.000368331
0            646    0.000318866
0            647     0.00027581
0            648    0.000240243
0            649    0.000210417
0            650    0.000184979
0            651    0.000163513
0            652    0.000145728
0            653    0.000130283
0            654    0.000116947
0            655    0.000105198
0            656    9.47444e-05
0            657     8.5303e-05
0            658    7.67501e-05
0            659    6.92115e-05
0            660     6.2615e-05
0            661    5.66626e-05
0            662     5.1258e-05
0            663    4.63909e-05
0            664    4.20289e-05
0            665    3.79762e-05
0            666    3.42387e-05
0            667    3.08513e-05
0            668    2.77779e-05
0            669    2.51664e-05
0            670    2.28692e-05
0            671    2.08016e-05
0            672    1.90242e-05
0            673    1.74437e-05
0            674    1.59569e-05
0            675    1.45913e-05
0            676    1.33589e-05
0            677    1.22252e-05
0            678    1.11667e-05
0            679    1.01998e-05
0            680    9.33067e-06
0            681    8.53292e-06
0            682    7.79262e-06
0            683    7.10222e-06
0            684    6.47193e-06
0            685        54.5969
0            686        34.1502
0            687         16.753
0            688        9.93157
0            689        6.38525
0            690        3.88128
0            691        2.06225
0            692       0.943302
0            693       0.517146
0            694       0.336288
0            695       0.225817
0            696       0.123983
0            697      0.0601976
0            698      0.0437049
0            699      0.0235905
0            700      0.0211839
0            701      0.0161785
0            702     0.00472429
0            703     0.00424649
0            704     0.00337068
0            705     0.00219348
0            706     0.00149871
0            707     0.00120908
0            708    0.000980725
0            709    0.000809195
0            710    0.000681243
0            711    0.000579471
0            712    0.000496068
0            713    0.000425785
0            714    0.000367181
0            715    0.000318616
0            716    0.000276161
0            717    0.000238936
0            718    0.000208095
0            719    0.000182153
0            720    0.000160083
0            721     0.00014155
0            722    0.000126262
0            723    0.000112942
0            724    0.000101424
0            725    9.12636e-05
0            726    8.22229e-05
0            727    7.40329e-05
0            728    6.66118e-05
0            729     6.0066e-05
0            730    5.43396e-05
0            731    4.91731e-05
0            732    4.44888e-05
0            733    4.02672e-05
0            734    3.64811e-05
0            735    3.29531e-05
0            736    2.96981e-05
0            737    2.67437e-05
0            738    2.40607e-05
0            739    2.17946e-05
0            740    1.98027e-05
0            741    1.80109e-05
0            742    1.64778e-05
0            743    1.51153e-05
0            744     1.3828e-05
0            745    1.26362e-05
0            746    1.15689e-05
0            747    1.05917e-05
0            748    9.67922e-06
0            749    8.84439e-06
0            750    8.09813e-06
0            751    7.41839e-06
0            752    6.78826e-06
0            753     6.1954e-06
0            754    5.64907e-06
0            755        17.7584
0            756        10.7896
0            757        4.77336
0            758        2.06291
0            759        1.01253
0            760       0.533619
0            761         0.2897
0            762       0.159672
0            763      0.0917588
0            764      0.0543297
0            765        0.03486
0            766      0.0235105
0            767      0.0166357
0            768      0.0122449
0            769     0.00919696
0            770     0.00678131
0            771     0.00479916
0            772     0.00325003
0            773     0.00246845
0            774     0.00185105
0            775     0.00149395
0            776     0.00121092
0            777    0.000981952
0            778    0.000804273
0            779    0.000675954
0            780    0.000572502
0            781    0.000488744
0            782    0.000419952
0            783    0.000362183
0            784    0.000313597
0            785    0.000272573
0            786    0.000236761
0            787    0.000205094
0            788    0.000178756
0            789    0.000156519
0            790    0.000137605
0            791    0.000121743
0            792      0.0001087
0            793    9.73079e-05
0            794    8.74388e-05
0            795    7.87021e-05
0            796    7.09249e-05
0            797    6.38608e-05
0            798    5.74562e-05
0            799    5.17912e-05
0            800    4.68329e-05
0            801    4.23826e-05
0            802    3.83487e-05
0            803    3.47102e-05
0            804    3.14455e-05
0            805    2.84009e-05
0            806    2.55947e-05
0            807    2.30433e-05
0            808     2.0719e-05
0            809      1.877e-05
0            810    1.70553e-05
0            811    1.55136e-05
0            812    1.42015e-05
0            813    1.30369e-05
0            814    1.19296e-05
0            815    1.08937e-05
0            816     9.9729e-06
0            817    9.13318e-06
0            818    8.34739e-06
0            819    7.62437e-06
0            820    6.98271e-06
0            821    6.40347e-06
0            822    5.86767e-06
0            823    5.36061e-06
0            824    4.88901e-06
0            825        6.00262
0            826        3.89901
0            827        1.93264
0            828       0.871509
0            829       0.437073
0            830       0.242733
0            831       0.139904
0            832      0.0842997
0            833      0.0532113
0            834      0.0343125
0            835       0.022638
0            836      0.0151998
0            837      0.0112729
0            838     0.00857085
0            839     0.00658457
0            840     0.00495259
0            841     0.00357546
0            842     0.00243242
0            843     0.00191153
0            844     0.00152354
0            845     0.00123372
0            846     0.00100458
0            847    0.000818622
0            848    0.000674854
0            849    0.000570383
0            850    0.000486226
0            851      0.0004168
0            852    0.000358906
0            853    0.000309743
0            854    0.000268477
0            855    0.000233611
0            856    0.000203111
0            857    0.000176047
0            858    0.000153644
0            859    0.000134763
0            860    0.000118634
0            861    0.000105061
0            862    9.38779e-05
0            863    8.40878e-05
0            864    7.56089e-05
0            865    6.80926e-05
0            866     6.1399e-05
0            867    5.53138e-05
0            868    4.97915e-05
0            869    4.48756e-05
0            870    4.05665e-05
0            871    3.67162e-05
0            872     3.3225e-05
0            873    3.00779e-05
0            874    2.72529e-05
0            875    2.46118e-05
0            876     2.2179e-05
0            877    1.99671e-05
0            878    1.79408e-05
0            879    1.62549e-05
0            880    1.47701e-05
0            881     1.3435e-05
0            882    1.23029e-05
0            883    1.12968e-05
0            884    1.03362e-05
0            885     9.4298e-06
0            886    8.63107e-06
0            887    7.90489e-06
0            888     7.2222e-06
0            889    6.59052e-06
0            890    6.03401e-06
0            891    5.53722e-06
0            892      5.079e-06
0            893     4.6427e-06
0            894    4.23399e-06
0            895        2.16514
0            896         1.5502
0            897       0.886697
0            898       0.456507
0            899       0.248156
0            900       0.144248
0            901      0.0868075
0            902      0.0545099
0            903      0.0359144
0            904      0.0238235
0            905      0.0160247
0            906      0.0108562
0            907     0.00799198
0            908     0.00599842
0            909     0.00455083
0            910     0.00345052
0            911     0.00261296
0            912     0.00196999
0            913     0.00155953
0            914     0.00125013
0            915      0.0010155
0            916     0.00083227
0            917    0.000685065
0            918    0.000570964
0            919    0.000485153
0            920    0.000416117
0            921     0.00035817
0            922    0.000309184
0            923    0.000267087
0            924    0.000231689
0            925    0.000201769
0            926    0.000175674
0            927    0.000152542
0            928    0.000133563
0            929    0.000117685
0            930    0.000103951
0            931    9.22777e-05
0            932    8.25812e-05
0            933    7.40618e-05
0            934    6.66655e-05
0            935    6.00707e-05
0            936    5.41807e-05
0            937    4.88276e-05
0            938    4.39687e-05
0            939    3.96176e-05
0            940    3.57942e-05
0            941    3.23871e-05
0            942    2.92939e-05
0            943     2.6507e-05
0            944    2.40046e-05
0            945    2.16617e-05
0            946    1.95025e-05
0            947    1.75423e-05
0            948    1.57513e-05
0            949    1.42695e-05
0            950    1.29625e-05
0            951    1.17862e-05
0            952    1.07946e-05
0            953    9.91159e-06
0            954    9.06577e-06
0            955    8.26479e-06
0            956    7.56358e-06
0            957    6.92763e-06
0            958    6.32695e-06
0            959    5.76818e-06
0            960    5.27955e-06
0            961    4.84844e-06
0            962    4.45171e-06
0            963    4.07248e-06
0            964    3.71492e-06
