0              0       0.158996
0              1       0.160505
0              2       0.162125
0              3       0.163875
0              4       0.165768
0              5       0.167771
0              6        0.17004
0              7       0.172496
0              8       0.175151
0              9       0.177998
0             10       0.181019
0             11       0.184304
0             12       0.187922
0             13        0.19179
0             14       0.195911
0             15       0.200349
0             16       0.205034
0             17       0.210039
0             18       0.215451
0             19       0.221536
0             20       0.228124
0             21       0.235638
0             22       0.243992
0             23       0.253013
0             24       0.262518
0             25       0.273593
0             26       0.288339
0             27        0.30669
0             28       0.325314
0             29        0.34495
0             30       0.365887
0             31       0.391335
0             32       0.443934
0             33       0.523475
0             34       0.628495
0             35       0.826867
0             36        1.07677
0             37        1.46791
0             38        2.02711
0             39        2.74298
0             40        3.91342
0             41        5.71987
0             42         8.0277
0             43        10.7702
0             44        14.5537
0             45        19.4394
0             46        25.8121
0             47        33.4892
0             48         41.841
0             49        51.3065
0             50        61.4076
0             51        72.4537
0             52        83.5524
0             53        93.2958
0             54         101.12
0             55        107.119
0             56        110.481
0             57         110.09
0             58        106.589
0             59        100.332
0             60        92.2393
0             61        83.0872
0             62         73.312
0             63        63.5543
0             64        53.0086
0             65        42.2483
0             66        32.5205
0             67        24.8717
0             68        19.4277
0             69         15.075
0             70        11.7026
0             71        8.78294
0             72        6.53681
0             73        4.71895
0             74         3.4706
0             75        2.57896
0             76        1.92395
0             77        1.46164
0             78        1.12641
0             79       0.897983
0             80       0.709455
0             81       0.605563
0             82       0.582216
0             83       0.568357
0             84        0.55619
0             85       0.545444
0             86       0.536057
0             87       0.528182
0             88       0.520664
0             89       0.513158
0             90       0.505692
0             91      0.0683371
0             92      0.0691865
0             93      0.0700734
0             94      0.0710252
0             95      0.0720609
0             96      0.0731756
0             97      0.0744587
0             98      0.0759018
0             99      0.0775293
0            100      0.0794324
0            101       0.081636
0            102      0.0842004
0            103      0.0871476
0            104      0.0906283
0            105      0.0945894
0            106      0.0990047
0            107        0.10415
0            108       0.110303
0            109       0.117301
0            110       0.125462
0            111        0.13496
0            112       0.145737
0            113       0.158112
0            114       0.172089
0            115       0.188768
0            116       0.207415
0            117       0.228598
0            118       0.256134
0            119       0.294145
0            120       0.340373
0            121       0.391982
0            122        0.45323
0            123       0.534313
0            124       0.646231
0            125       0.803845
0            126         1.0076
0            127        1.24643
0            128        1.62914
0            129         2.1161
0            130        2.75369
0            131        3.63376
0            132        4.86213
0            133        6.62336
0            134        9.05798
0            135        12.1849
0            136         16.053
0            137        20.7253
0            138         26.103
0            139        32.2265
0            140        38.7867
0            141         45.649
0            142        52.8214
0            143         59.863
0            144        66.1211
0            145        71.2345
0            146        74.5793
0            147        76.2725
0            148        76.4425
0            149        74.7668
0            150        71.4759
0            151        66.6031
0            152        60.4206
0            153        53.2994
0            154        45.5835
0            155        37.9289
0            156         31.042
0            157        24.9722
0            158        19.8107
0            159        15.4684
0            160        11.8763
0            161        9.05966
0            162        6.79399
0            163         4.9824
0            164        3.71689
0            165        2.83669
0            166        2.21174
0            167        1.74883
0            168        1.43629
0            169        1.23214
0            170        1.07327
0            171       0.965055
0            172       0.886873
0            173       0.829872
0            174       0.787064
0            175       0.751795
0            176       0.724224
0            177       0.700473
0            178       0.678819
0            179       0.660669
0            180       0.643934
0            181       0.627489
0            182       0.010014
0            183      0.0101226
0            184      0.0102228
0            185      0.0103162
0            186      0.0104211
0            187      0.0105123
0            188      0.0106274
0            189      0.0108266
0            190      0.0111303
0            191      0.0115761
0            192      0.0121889
0            193       0.012973
0            194      0.0139703
0            195      0.0152548
0            196      0.0169459
0            197      0.0190765
0            198      0.0216311
0            199      0.0248385
0            200      0.0288345
0            201      0.0339111
0            202      0.0403161
0            203      0.0482882
0            204      0.0583118
0            205       0.070609
0            206      0.0852964
0            207        0.10299
0            208       0.124789
0            209       0.151386
0            210       0.184099
0            211       0.224892
0            212       0.276112
0            213       0.340071
0            214       0.419507
0            215       0.516621
0            216       0.641313
0            217       0.799396
0            218        1.00122
0            219        1.26798
0            220        1.61509
0            221        2.07696
0            222        2.69602
0            223        3.51941
0            224         4.6091
0            225        5.98552
0            226        7.71479
0            227        9.84382
0            228        12.3864
0            229        15.3237
0            230        18.6328
0            231        22.2416
0            232        26.1123
0            233        29.9689
0            234         33.635
0            235        36.9456
0            236        39.5824
0            237        41.4143
0            238        42.3092
0            239        42.2846
0            240        41.2546
0            241        39.3496
0            242        36.6922
0            243        33.4023
0            244        29.7009
0            245        25.8179
0            246        21.9817
0            247        18.3602
0            248        15.0488
0            249        12.1451
0            250        9.67596
0            251        7.60793
0            252        5.96257
0            253        4.64652
0            254        3.63246
0            255        2.85987
0            256         2.2652
0            257        1.82275
0            258        1.49294
0            259        1.24648
0            260        1.06338
0            261        0.92949
0            262       0.833072
0            263        0.76362
0            264        0.71576
0            265       0.682124
0            266       0.658353
0            267       0.640302
0            268       0.625253
0            269       0.612753
0            270       0.600922
0            271       0.588878
0            272       0.576094
0            273    0.000394253
0            274    0.000392751
0            275     0.00039044
0            276     0.00039216
0            277     0.00039386
0            278      0.0003955
0            279     0.00039493
0            280    0.000395671
0            281    0.000398515
0            282    0.000408444
0            283    0.000421528
0            284    0.000435993
0            285    0.000461859
0            286    0.000513604
0            287    0.000597886
0            288     0.00069446
0            289    0.000841857
0            290     0.00105205
0            291     0.00138235
0            292     0.00185172
0            293     0.00247963
0            294     0.00339594
0            295     0.00468669
0            296      0.0064843
0            297     0.00892753
0            298      0.0123921
0            299      0.0173096
0            300      0.0238632
0            301      0.0327781
0            302      0.0447581
0            303      0.0609854
0            304      0.0832701
0            305       0.113444
0            306       0.153952
0            307       0.208353
0            308       0.282455
0            309       0.379406
0            310       0.507811
0            311       0.679693
0            312       0.905039
0            313        1.19586
0            314        1.57595
0            315        2.06875
0            316        2.69771
0            317        3.48544
0            318        4.45003
0            319        5.59818
0            320        6.93499
0            321        8.44957
0            322        10.1037
0            323        11.8433
0            324        13.5894
0            325        15.2637
0            326        16.7798
0            327        18.0077
0            328        18.8667
0            329        19.3016
0            330        19.2789
0            331        18.8166
0            332        17.9359
0            333        16.7126
0            334        15.2255
0            335        13.5632
0            336        11.8117
0            337        10.0648
0            338        8.39547
0            339        6.87524
0            340        5.53936
0            341         4.3993
0            342        3.45014
0            343        2.67923
0            344        2.06285
0            345        1.57601
0            346        1.19698
0            347       0.906377
0            348       0.685807
0            349       0.520605
0            350         0.3982
0            351       0.310396
0            352       0.248951
0            353       0.208472
0            354       0.183853
0            355       0.172204
0            356       0.170513
0            357       0.174253
0            358       0.180598
0            359       0.187718
0            360       0.194669
0            361       0.199904
0            362       0.202624
0            363       0.202259
0            364    5.96206e-06
0            365    5.95753e-06
0            366    5.94433e-06
0            367    5.92205e-06
0            368    5.89071e-06
0            369    5.85041e-06
0            370    5.80144e-06
0            371    5.74344e-06
0            372      5.677e-06
0            373    5.60139e-06
0            374    5.52005e-06
0            375     5.4306e-06
0            376    5.33243e-06
0            377    5.22592e-06
0            378    5.11106e-06
0            379      4.988e-06
0            380     4.8566e-06
0            381      4.717e-06
0            382    4.57185e-06
0            383      4.439e-06
0            384    4.30223e-06
0            385     4.1591e-06
0            386    4.09799e-06
0            387    4.05093e-06
0            388    3.99327e-06
0            389    3.93031e-06
0            390    3.85794e-06
0            391    3.78395e-06
0            392    3.71236e-06
0            393    3.64905e-06
0            394    3.94445e-06
0            395     4.5532e-06
0            396    5.15166e-06
0            397    5.70507e-06
0            398    6.21433e-06
0            399     6.6788e-06
0            400    7.18252e-06
0            401    7.65379e-06
0            402    8.24054e-06
0            403    8.85307e-06
0            404    1.02368e-05
0            405    1.30129e-05
0            406    1.67014e-05
0            407    2.21151e-05
0            408    2.91613e-05
0            409    3.76193e-05
0            410    4.95475e-05
0            411    6.48395e-05
0            412    8.72651e-05
0            413    0.000113464
0            414    0.000152006
0            415    0.000203219
0            416    0.000274031
0            417    0.000360544
0            418     0.00046858
0            419    0.000605559
0            420    0.000785761
0            421     0.00101853
0            422     0.00131819
0            423     0.00170633
0            424     0.00219987
0            425     0.00281917
0            426      0.0035752
0            427     0.00453072
0            428     0.00573595
0            429     0.00725967
0            430      0.0091004
0            431       0.011382
0            432      0.0142554
0            433      0.0177775
0            434      0.0220917
0            435      0.0275168
0            436      0.0341874
0            437      0.0424274
0            438      0.0526818
0            439      0.0653664
0            440      0.0809443
0            441       0.100013
0            442        0.12316
0            443       0.151071
0            444       0.184515
0            445       0.224615
0            446       0.271785
0            447       0.326812
0            448       0.391254
0            449       0.466587
0            450       0.553101
0            451       0.652544
0            452       0.766461
0            453       0.895755
0            454         1.0416
0            455        1.20443
0            456        1.38353
0            457        1.57944
0            458        1.79348
0            459        2.02477
0            460        2.27292
0            461        2.53577
0            462        2.81079
0            463        3.09662
0            464        3.38995
0            465        3.68981
0            466        3.99124
0            467        4.28917
0            468        4.57963
0            469        4.85695
0            470        5.11488
0            471        5.35077
0            472        5.55941
0            473        5.73687
0            474        5.87976
0            475        5.98495
0            476        6.05061
0            477        6.07494
0            478        6.05655
0            479        5.99506
0            480        5.89191
0            481        5.75245
0            482        5.57768
0            483        5.37191
0            484        5.13808
0            485        4.88066
0            486        4.60579
0            487        4.31718
0            488        4.01942
0            489        3.71777
0            490        3.41649
0            491         3.1187
0            492        2.82924
0            493        2.55109
0            494        2.28647
0            495        2.03737
0            496         1.8043
0            497        1.58818
0            498        1.39048
0            499        1.21082
0            500        1.04882
0            501       0.903436
0            502       0.774625
0            503       0.661196
0            504       0.561714
0            505       0.474292
0            506        0.39815
0            507       0.332522
0            508       0.276731
0            509       0.229352
0            510       0.189689
0            511       0.156249
0            512        0.12836
0            513       0.105023
0            514      0.0857487
0            515      0.0698525
0            516      0.0569415
0            517      0.0463219
0            518      0.0376694
0            519      0.0306843
0            520      0.0252268
0            521      0.0210158
0            522      0.0177693
0            523      0.0153388
0            524      0.0136733
0            525      0.0125976
0            526      0.0120084
0            527      0.0118772
0            528      0.0121589
0            529      0.0127683
0            530      0.0136566
0            531      0.0147875
0            532      0.0160537
0            533      0.0174321
0            534      0.0188588
0            535      0.0202733
0            536      0.0216246
0            537      0.0228941
0            538      0.0240515
0            539      0.0250668
0            540      0.0259238
0            541      0.0266015
0            542      0.0270861
0            543       0.027374
0            544      0.0274607
0            545        4.53556
0            546          3.318
0            547        1.87146
0            548       0.907378
0            549       0.472375
0            550       0.273364
0            551       0.163749
0            552       0.101644
0            553       0.064844
0            554      0.0434282
0            555      0.0308492
0            556      0.0230667
0            557      0.0176393
0            558      0.0139605
0            559      0.0112855
0            560     0.00939512
0            561     0.00792488
0            562     0.00676284
0            563     0.00581164
0            564     0.00502067
0            565     0.00438615
0            566     0.00385684
0            567     0.00341433
0            568     0.00304303
0            569     0.00272606
0            570     0.00244959
0            571     0.00221525
0            572     0.00200973
0            573     0.00183113
0            574     0.00167094
0            575     0.00152862
0            576       0.001401
0            577     0.00128827
0            578     0.00118825
0            579     0.00109626
0            580      0.0010116
0            581    0.000934607
0            582    0.000864294
0            583    0.000800559
0            584    0.000742626
0            585    0.000690938
0            586    0.000643312
0            587    0.000599831
0            588    0.000560216
0            589    0.000523889
0            590    0.000490373
0            591    0.000459339
0            592    0.000431053
0            593    0.000404895
0            594    0.000380407
0            595    0.000357582
0            596    0.000336504
0            597    0.000316906
0            598    0.000298569
0            599    0.000281591
0            600    0.000265677
0            601      0.0002508
0            602    0.000236956
0            603    0.000223752
0            604    0.000211318
0            605    0.000199595
0            606     0.00018841
0            607    0.000177864
0            608    0.000167967
0            609    0.000158583
0            610     0.00014974
0            611    0.000141329
0            612    0.000133497
0            613    0.000126095
0            614    0.000119261
0            615        15.9277
0            616        11.0009
0            617        5.83262
0            618        2.85559
0            619        1.55446
0            620       0.901224
0            621       0.488517
0            622       0.250402
0            623       0.174146
0            624       0.125759
0            625      0.0714558
0            626        0.03716
0            627      0.0276027
0            628      0.0213075
0            629      0.0161881
0            630      0.0118562
0            631     0.00946771
0            632     0.00798386
0            633     0.00679982
0            634     0.00583631
0            635     0.00506316
0            636     0.00441656
0            637      0.0038803
0            638     0.00343283
0            639     0.00305884
0            640     0.00273895
0            641     0.00247094
0            642     0.00223738
0            643     0.00203516
0            644     0.00185405
0            645     0.00169322
0            646     0.00154941
0            647     0.00142259
0            648     0.00131028
0            649     0.00120715
0            650     0.00111255
0            651     0.00102677
0            652    0.000948701
0            653    0.000878093
0            654    0.000813988
0            655    0.000756879
0            656     0.00070424
0            657    0.000656188
0            658    0.000612293
0            659    0.000572009
0            660    0.000534907
0            661      0.0005006
0            662    0.000469373
0            663    0.000440519
0            664    0.000413591
0            665    0.000388524
0            666    0.000365395
0            667    0.000343981
0            668     0.00032397
0            669    0.000305444
0            670    0.000288093
0            671    0.000271858
0            672    0.000256767
0            673    0.000242378
0            674    0.000228805
0            675    0.000216023
0            676    0.000203842
0            677    0.000192363
0            678    0.000181604
0            679    0.000171409
0            680    0.000161801
0            681    0.000152667
0            682    0.000144154
0            683    0.000136108
0            684    0.000128668
0            685        53.8076
0            686        38.1072
0            687        22.3897
0            688        14.0687
0            689        9.19107
0            690        5.66496
0            691        3.34981
0            692         2.0676
0            693        1.33266
0            694       0.823767
0            695       0.467458
0            696       0.257026
0            697        0.13301
0            698      0.0983192
0            699      0.0674247
0            700      0.0428554
0            701      0.0270147
0            702      0.0223754
0            703      0.0193554
0            704      0.0124654
0            705     0.00913523
0            706     0.00777424
0            707     0.00543707
0            708      0.0039509
0            709     0.00350409
0            710     0.00312771
0            711     0.00281286
0            712      0.0025397
0            713     0.00230472
0            714     0.00209559
0            715        0.00191
0            716     0.00174446
0            717     0.00159882
0            718     0.00147012
0            719     0.00135223
0            720      0.0012447
0            721      0.0011474
0            722     0.00105905
0            723    0.000979242
0            724    0.000906857
0            725      0.0008424
0            726    0.000782997
0            727    0.000728926
0            728    0.000679486
0            729    0.000634085
0            730    0.000592324
0            731    0.000553778
0            732    0.000518747
0            733     0.00048642
0            734    0.000456317
0            735    0.000428317
0            736    0.000402496
0            737    0.000378656
0            738    0.000356415
0            739    0.000335837
0            740    0.000316595
0            741    0.000298576
0            742     0.00028185
0            743    0.000265911
0            744    0.000250857
0            745    0.000236692
0            746    0.000223217
0            747    0.000210545
0            748    0.000198683
0            749    0.000187452
0            750    0.000176867
0            751    0.000166815
0            752    0.000157448
0            753    0.000148596
0            754    0.000140398
0            755         143.19
0            756        112.226
0            757        81.4202
0            758        66.4494
0            759        50.5705
0            760        35.4899
0            761        23.5194
0            762        15.0973
0            763        9.49432
0            764        5.78944
0            765        3.41587
0            766        2.12132
0            767        1.50591
0            768       0.961966
0            769       0.600234
0            770       0.288641
0            771       0.149523
0            772       0.107226
0            773      0.0553936
0            774      0.0286574
0            775      0.0311635
0            776      0.0237847
0            777     0.00923665
0            778      0.0048913
0            779     0.00438978
0            780     0.00393986
0            781     0.00354171
0            782     0.00317223
0            783     0.00282088
0            784     0.00247222
0            785     0.00218454
0            786     0.00199133
0            787     0.00182161
0            788     0.00167198
0            789     0.00153523
0            790     0.00141114
0            791     0.00129893
0            792     0.00119717
0            793     0.00110547
0            794     0.00102242
0            795    0.000948464
0            796    0.000880344
0            797    0.000818611
0            798    0.000762254
0            799    0.000710463
0            800    0.000662855
0            801    0.000619019
0            802    0.000579255
0            803    0.000542626
0            804     0.00050861
0            805     0.00047699
0            806    0.000447859
0            807    0.000421002
0            808    0.000395982
0            809    0.000372855
0            810    0.000351269
0            811    0.000331049
0            812    0.000312299
0            813    0.000294438
0            814    0.000277552
0            815    0.000261674
0            816    0.000246588
0            817    0.000232435
0            818    0.000219203
0            819    0.000206682
0            820    0.000194885
0            821    0.000183693
0            822    0.000173266
0            823    0.000163414
0            824    0.000154277
0            825        224.276
0            826        188.882
0            827        154.162
0            828        137.443
0            829         107.65
0            830        75.6166
0            831        50.8177
0            832        33.6874
0            833        21.8989
0            834         14.063
0            835        8.96968
0            836        5.23689
0            837        2.99193
0            838        2.05605
0            839        1.36919
0            840       0.699713
0            841       0.314626
0            842        0.20235
0            843       0.143928
0            844       0.110692
0            845      0.0857819
0            846      0.0469916
0            847      0.0129681
0            848      0.0208502
0            849      0.0275982
0            850      0.0218259
0            851     0.00543837
0            852     0.00379991
0            853     0.00334649
0            854     0.00288149
0            855     0.00250612
0            856      0.0022801
0            857     0.00208202
0            858      0.0019077
0            859     0.00174874
0            860     0.00160527
0            861     0.00147559
0            862     0.00135801
0            863     0.00125223
0            864     0.00115651
0            865     0.00107126
0            866    0.000992869
0            867    0.000922109
0            868    0.000857616
0            869    0.000798357
0            870    0.000743982
0            871    0.000694055
0            872    0.000648829
0            873    0.000607229
0            874    0.000568658
0            875     0.00053284
0            876    0.000499867
0            877    0.000469488
0            878    0.000441225
0            879    0.000415136
0            880     0.00039085
0            881    0.000368109
0            882    0.000347037
0            883    0.000326971
0            884    0.000307991
0            885    0.000290151
0            886    0.000273216
0            887    0.000257365
0            888    0.000242557
0            889    0.000228557
0            890    0.000215363
0            891    0.000202853
0            892    0.000191198
0            893    0.000180184
0            894    0.000169956
0            895        173.514
0            896        139.999
0            897        106.252
0            898        90.7914
0            899        70.4728
0            900        49.4747
0            901        32.9348
0            902        21.5164
0            903        13.3257
0            904        8.37686
0            905        5.32887
0            906        3.35894
0            907        2.17871
0            908        1.40729
0            909       0.811998
0            910       0.444162
0            911       0.271677
0            912       0.182841
0            913      0.0789437
0            914      0.0366958
0            915      0.0236269
0            916      0.0214638
0            917      0.0235708
0            918      0.0155836
0            919      0.0059743
0            920     0.00537171
0            921     0.00481449
0            922     0.00429004
0            923     0.00378403
0            924     0.00327334
0            925     0.00285748
0            926     0.00259539
0            927     0.00236608
0            928     0.00216474
0            929     0.00198148
0            930      0.0018168
0            931     0.00166807
0            932      0.0015332
0            933     0.00141192
0            934      0.0013022
0            935     0.00120435
0            936     0.00111451
0            937     0.00103371
0            938    0.000960155
0            939    0.000892662
0            940    0.000830894
0            941    0.000774296
0            942     0.00072312
0            943    0.000676078
0            944    0.000632508
0            945    0.000592142
0            946    0.000555041
0            947    0.000520858
0            948    0.000489101
0            949    0.000459828
0            950    0.000432646
0            951      0.0004072
0            952     0.00038363
0            953    0.000361186
0            954    0.000339951
0            955    0.000319997
0            956     0.00030107
0            957    0.000283408
0            958    0.000266928
0            959     0.00025137
0            960    0.000236707
0            961    0.000222813
0            962    0.000209865
0            963    0.000197622
0            964    0.000186243
