0              0      0.0166882
0              1      0.0221978
0              2      0.0319769
0              3      0.0468347
0              4      0.0684009
0              5       0.103311
0              6       0.145066
0              7       0.198819
0              8       0.266438
0              9         0.3617
0             10       0.501728
0             11        0.70048
0             12       0.961515
0             13        1.30809
0             14        1.77829
0             15        2.37679
0             16        3.17573
0             17        4.17545
0             18         5.4063
0             19        6.87643
0             20        8.69575
0             21        10.7928
0             22        13.3396
0             23        16.2627
0             24        19.8363
0             25        23.8889
0             26        28.6544
0             27        34.2219
0             28        40.2705
0             29        47.2064
0             30        54.7899
0             31        63.2029
0             32        72.3717
0             33        82.3767
0             34        92.8636
0             35        103.913
0             36        115.456
0             37        127.386
0             38        139.776
0             39        152.119
0             40        164.422
0             41        176.195
0             42        187.702
0             43        198.556
0             44        208.292
0             45        216.837
0             46        224.259
0             47        230.049
0             48        234.068
0             49        236.632
0             50         237.49
0             51        236.699
0             52        234.178
0             53        229.991
0             54        224.299
0             55        217.138
0             56        208.593
0             57        198.845
0             58        188.266
0             59        176.976
0             60        164.874
0             61        152.779
0             62        140.594
0             63         128.49
0             64        116.512
0             65        104.775
0             66        93.8296
0             67        83.5089
0             68        73.5062
0             69        64.2292
0             70          55.78
0             71        48.1016
0             72        41.1112
0             73        34.8922
0             74        29.4039
0             75        24.6141
0             76        20.4544
0             77        16.8909
0             78        13.8767
0             79        11.2751
0             80        9.07826
0             81        7.19062
0             82        5.66643
0             83         4.4761
0             84        3.54009
0             85        2.79297
0             86        2.16608
0             87        1.66182
0             88        1.26496
0             89       0.957639
0             90       0.715984
0             91       0.525295
0             92       0.373756
0             93       0.266911
0             94       0.189766
0             95       0.131923
0             96      0.0915655
0             97      0.0631948
0             98      0.0472917
0             99      0.0370172
0            100      0.0284312
0            101     0.00115705
0            102     0.00152022
0            103     0.00261024
0            104     0.00406818
0            105     0.00626236
0            106      0.0102969
0            107      0.0164954
0            108      0.0256792
0            109      0.0387528
0            110      0.0559052
0            111      0.0784083
0            112       0.110845
0            113       0.156484
0            114       0.222042
0            115       0.312506
0            116       0.434627
0            117       0.600562
0            118       0.818687
0            119        1.10194
0            120         1.4718
0            121        1.93508
0            122         2.5306
0            123        3.26002
0            124        4.13468
0            125        5.19722
0            126        6.43378
0            127        7.90998
0            128        9.64517
0            129        11.7007
0            130        14.0845
0            131        16.8149
0            132        19.8852
0            133        23.3578
0            134        27.1291
0            135        31.2049
0            136        35.5709
0            137        40.2383
0            138        45.0751
0            139        50.0794
0            140         55.201
0            141        60.2585
0            142        65.2012
0            143        70.0021
0            144         74.513
0            145        78.6232
0            146        82.2312
0            147        85.2452
0            148        87.6683
0            149        89.4367
0            150         90.474
0            151        90.7756
0            152        90.3791
0            153        89.2735
0            154        87.5185
0            155        85.1023
0            156        82.0798
0            157        78.5127
0            158        74.4323
0            159        70.0344
0            160        65.3558
0            161        60.4569
0            162        55.3372
0            163         50.199
0            164        45.1093
0            165        40.1638
0            166        35.4824
0            167        31.0393
0            168        26.8908
0            169        23.1036
0            170        19.6569
0            171        16.5961
0            172        13.8816
0            173         11.463
0            174        9.34717
0            175        7.57019
0            176        6.06194
0            177        4.81712
0            178        3.78344
0            179         2.9549
0            180        2.29085
0            181        1.76082
0            182        1.33416
0            183        1.00797
0            184       0.756528
0            185        0.56652
0            186       0.422694
0            187       0.314265
0            188        0.23358
0            189       0.169338
0            190       0.120721
0            191      0.0876337
0            192      0.0648794
0            193      0.0483193
0            194      0.0342807
0            195      0.0254695
0            196      0.0196588
0            197      0.0144615
0            198      0.0106226
0            199     0.00758588
0            200     0.00486069
0            201      0.0031187
0            202    0.000253965
0            203    0.000381144
0            204    0.000571297
0            205    0.000761478
0            206    0.000935739
0            207     0.00119401
0            208     0.00163395
0            209     0.00223608
0            210     0.00351197
0            211     0.00538201
0            212     0.00862955
0            213      0.0136435
0            214      0.0219266
0            215      0.0354798
0            216      0.0542621
0            217      0.0815992
0            218       0.116693
0            219       0.161814
0            220       0.222052
0            221       0.302371
0            222       0.407239
0            223       0.541331
0            224       0.712264
0            225       0.931906
0            226        1.20466
0            227        1.54064
0            228        1.95297
0            229        2.45162
0            230        3.04392
0            231        3.73833
0            232        4.54592
0            233        5.47283
0            234        6.52895
0            235        7.69822
0            236        8.99527
0            237        10.4067
0            238        11.9124
0            239         13.509
0            240        15.1628
0            241        16.8681
0            242        18.5797
0            243        20.2715
0            244        21.9182
0            245        23.4758
0            246        24.8956
0            247        26.1587
0            248        27.2261
0            249        28.0782
0            250        28.6852
0            251        29.0417
0            252         29.134
0            253        28.9632
0            254        28.5354
0            255        27.8626
0            256        26.9599
0            257        25.8327
0            258        24.5226
0            259        23.0585
0            260        21.4941
0            261        19.8587
0            262        18.1942
0            263        16.5126
0            264        14.8209
0            265        13.1787
0            266        11.6111
0            267        10.1275
0            268        8.74636
0            269        7.48337
0            270        6.34008
0            271        5.31272
0            272        4.41545
0            273        3.64184
0            274        2.97586
0            275        2.41457
0            276        1.94137
0            277        1.55263
0            278        1.23191
0            279         0.9688
0            280        0.75766
0            281       0.586799
0            282       0.449274
0            283       0.342334
0            284       0.258193
0            285       0.194372
0            286       0.146723
0            287       0.109419
0            288      0.0796368
0            289      0.0568736
0            290      0.0398564
0            291      0.0274607
0            292      0.0186848
0            293      0.0124291
0            294     0.00848504
0            295     0.00565683
0            296     0.00372489
0            297     0.00220928
0            298     0.00109508
0            299    0.000466122
0            300     0.00017366
0            301     0.00012552
0            302    0.000103763
0            303    1.70545e-06
0            304     8.3345e-06
0            305    1.45852e-05
0            306    2.40613e-05
0            307     5.2575e-05
0            308    0.000219192
0            309    0.000463923
0            310    0.000813661
0            311     0.00133279
0            312     0.00201413
0            313     0.00301903
0            314     0.00448254
0            315     0.00665011
0            316      0.0099288
0            317      0.0141546
0            318      0.0200422
0            319      0.0283915
0            320      0.0398345
0            321      0.0552672
0            322      0.0761017
0            323       0.103041
0            324        0.13789
0            325       0.183836
0            326       0.242096
0            327       0.313659
0            328       0.401473
0            329       0.508947
0            330       0.639819
0            331       0.796951
0            332       0.982466
0            333        1.19908
0            334        1.45079
0            335        1.73841
0            336        2.06487
0            337        2.43051
0            338        2.83518
0            339        3.27388
0            340        3.74145
0            341        4.23175
0            342        4.73793
0            343        5.25173
0            344         5.7659
0            345        6.26601
0            346        6.74499
0            347        7.19251
0            348        7.59691
0            349        7.94238
0            350        8.22724
0            351        8.44027
0            352        8.57479
0            353        8.62399
0            354        8.59031
0            355        8.47123
0            356        8.27363
0            357        7.99998
0            358         7.6601
0            359         7.2659
0            360        6.82511
0            361        6.34987
0            362        5.84609
0            363        5.32964
0            364        4.81172
0            365        4.29743
0            366        3.79844
0            367         3.3214
0            368        2.87758
0            369        2.46745
0            370        2.09499
0            371        1.76141
0            372        1.46678
0            373        1.20935
0            374        0.98642
0            375       0.796078
0            376       0.636092
0            377       0.503344
0            378        0.39435
0            379       0.305134
0            380       0.232706
0            381       0.174344
0            382       0.129085
0            383      0.0944654
0            384      0.0681966
0            385       0.048784
0            386      0.0342467
0            387      0.0239957
0            388      0.0166126
0            389      0.0115199
0            390     0.00791233
0            391     0.00557146
0            392      0.0039368
0            393     0.00291887
0            394      0.0022215
0            395     0.00167294
0            396     0.00122439
0            397    0.000882683
0            398    0.000631439
0            399    0.000427695
0            400     0.00025013
0            401    0.000132625
0            402    7.71466e-05
0            403    3.07623e-05
0            404     9.9176e-07
0            405    2.95361e-06
0            406    6.72879e-06
0            407    1.56669e-05
0            408      3.068e-05
0            409     5.6743e-05
0            410    0.000106437
0            411    0.000190103
0            412    0.000320532
0            413     0.00051392
0            414    0.000798758
0            415     0.00120921
0            416     0.00178617
0            417     0.00257825
0            418     0.00365467
0            419     0.00517721
0            420     0.00724007
0            421      0.0100326
0            422      0.0137641
0            423      0.0188085
0            424      0.0256307
0            425      0.0346904
0            426      0.0466041
0            427      0.0619312
0            428      0.0813208
0            429       0.106012
0            430       0.136526
0            431       0.173889
0            432       0.219076
0            433       0.272896
0            434       0.335864
0            435       0.408686
0            436       0.491647
0            437       0.585121
0            438       0.689607
0            439       0.804332
0            440       0.928329
0            441        1.06058
0            442        1.19957
0            443        1.34309
0            444        1.48809
0            445        1.63162
0            446        1.77169
0            447        1.90462
0            448        2.02755
0            449        2.13766
0            450        2.23237
0            451        2.30868
0            452          2.365
0            453        2.39963
0            454        2.41089
0            455        2.39904
0            456         2.3647
0            457        2.30828
0            458         2.2317
0            459        2.13689
0            460        2.02613
0            461        1.90218
0            462        1.76806
0            463        1.62638
0            464        1.48083
0            465        1.33487
0            466        1.19129
0            467        1.05246
0            468       0.920119
0            469       0.796094
0            470       0.681628
0            471       0.577484
0            472       0.484022
0            473       0.401553
0            474       0.329474
0            475       0.267846
0            476       0.215682
0            477       0.172123
0            478       0.136065
0            479       0.106373
0            480      0.0825516
0            481      0.0635443
0            482      0.0484837
0            483      0.0365297
0            484      0.0270255
0            485      0.0198136
0            486      0.0143684
0            487      0.0103658
0            488     0.00740695
0            489     0.00524791
0            490     0.00373197
0            491     0.00261708
0            492     0.00182876
0            493     0.00126192
0            494    0.000865536
0            495    0.000613387
0            496    0.000435395
0            497    0.000308237
0            498    0.000219441
0            499    0.000147744
0            500     8.7412e-05
0            501    4.44762e-05
0            502    2.08695e-05
0            503    1.26907e-05
0            504    7.48852e-06
0            505              0
0            506              0
0            507              0
0            508              0
0            509              0
0            510              0
0            511              0
0            512              0
0            513              0
0            514              0
0            515              0
0            516              0
0            517              0
0            518              0
0            519              0
0            520              0
0            521              0
0            522              0
0            523              0
0            524              0
0            525              0
0            526              0
0            527              0
0            528              0
0            529              0
0            530              0
0            531              0
0            532              0
0            533              0
0            534              0
0            535              0
0            536              0
0            537              0
0            538              0
0            539              0
0            540              0
0            541              0
0            542              0
0            543              0
0            544              0
0            545              0
0            546              0
0            547              0
0            548              0
0            549              0
0            550              0
0            551              0
0            552              0
0            553              0
0            554              0
0            555              0
0            556              0
0            557              0
0            558              0
0            559              0
0            560              0
0            561              0
0            562              0
0            563              0
0            564              0
0            565              0
0            566              0
0            567              0
0            568              0
0            569              0
0            570              0
0            571              0
0            572              0
0            573              0
0            574              0
0            575              0
0            576              0
0            577              0
0            578              0
0            579              0
0            580              0
0            581              0
0            582              0
0            583              0
0            584              0
0            585              0
0            586              0
0            587              0
0            588              0
0            589              0
0            590              0
0            591              0
0            592              0
0            593              0
0            594              0
0            595              0
0            596              0
0            597              0
0            598              0
0            599              0
0            600              0
0            601              0
0            602              0
0            603              0
0            604              0
0            605              0
0            606              0
0            607              0
0            608              0
0            609              0
0            610              0
0            611              0
0            612              0
0            613              0
0            614              0
0            615              0
0            616              0
0            617              0
0            618              0
0            619              0
0            620              0
0            621              0
0            622              0
0            623              0
0            624              0
0            625              0
0            626              0
0            627              0
0            628              0
0            629              0
0            630              0
0            631              0
0            632              0
0            633              0
0            634              0
0            635              0
0            636              0
0            637              0
0            638              0
0            639              0
0            640              0
0            641              0
0            642              0
0            643              0
0            644              0
0            645              0
0            646              0
0            647              0
0            648              0
0            649              0
0            650              0
0            651              0
0            652              0
0            653              0
0            654              0
0            655              0
0            656              0
0            657              0
0            658              0
0            659              0
0            660              0
0            661              0
0            662              0
0            663              0
0            664              0
0            665              0
0            666              0
0            667              0
0            668              0
0            669              0
0            670              0
0            671              0
0            672              0
0            673              0
0            674              0
0            675              0
0            676              0
0            677              0
0            678              0
0            679              0
0            680              0
0            681              0
0            682              0
0            683              0
0            684              0
0            685              0
0            686              0
0            687              0
0            688              0
0            689              0
0            690              0
0            691              0
0            692              0
0            693              0
0            694              0
0            695              0
0            696              0
0            697              0
0            698              0
0            699              0
0            700              0
0            701              0
0            702              0
0            703              0
0            704              0
0            705              0
0            706              0
0            707              0
0            708              0
0            709              0
0            710              0
0            711              0
0            712              0
0            713              0
0            714              0
0            715    0.000735982
0            716    0.000709422
0            717    0.000665156
0            718    0.000603184
0            719    0.000523505
0            720    0.000426119
0            721    0.000311028
0            722    0.000178229
0            723    2.86353e-05
0            724              0
0            725              0
0            726              0
0            727              0
0            728              0
0            729              0
0            730              0
0            731              0
0            732              0
0            733              0
0            734              0
0            735              0
0            736              0
0            737              0
0            738              0
0            739              0
0            740              0
0            741              0
0            742              0
0            743              0
0            744              0
0            745              0
0            746              0
0            747              0
0            748              0
0            749              0
0            750              0
0            751              0
0            752              0
0            753              0
0            754              0
0            755              0
0            756              0
0            757              0
0            758              0
0            759              0
0            760              0
0            761              0
0            762              0
0            763              0
0            764              0
0            765              0
0            766              0
0            767              0
0            768              0
0            769              0
0            770              0
0            771              0
0            772              0
0            773              0
0            774              0
0            775              0
0            776              0
0            777              0
0            778              0
0            779              0
0            780              0
0            781              0
0            782              0
0            783              0
0            784              0
0            785        1.57953
0            786        1.54887
0            787         1.4935
0            788        1.42028
0            789         1.3235
0            790         1.2161
0            791        1.09832
0            792       0.988387
0            793       0.894993
0            794        0.81676
0            795       0.749145
0            796       0.679524
0            797       0.616416
0            798       0.553418
0            799       0.492887
0            800       0.434013
0            801         0.3734
0            802       0.304029
0            803       0.246057
0            804       0.202111
0            805       0.175071
0            806       0.156569
0            807       0.147749
0            808       0.142078
0            809       0.130612
0            810       0.117106
0            811       0.111772
0            812       0.104844
0            813      0.0944028
0            814      0.0805799
0            815      0.0668889
0            816      0.0623301
0            817      0.0568509
0            818        0.05133
0            819      0.0448532
0            820      0.0425616
0            821      0.0384362
0            822      0.0333777
0            823      0.0259727
0            824      0.0160557
0            825     0.00698811
0            826     0.00379549
0            827      0.0029725
0            828     0.00190648
0            829     0.00136079
0            830     0.00068054
0            831              0
0            832              0
0            833              0
0            834              0
0            835              0
0            836              0
0            837              0
0            838              0
0            839              0
0            840              0
0            841              0
0            842              0
0            843              0
0            844              0
0            845              0
0            846              0
0            847              0
0            848              0
0            849              0
0            850              0
0            851              0
0            852              0
0            853              0
0            854              0
0            855        77.7274
0            856        77.1084
0            857        75.9364
0            858        74.1499
0            859        71.6855
0            860        68.4092
0            861        64.3938
0            862        60.0697
0            863        55.8553
0            864        51.7453
0            865        47.8634
0            866        44.1123
0            867        40.5155
0            868        37.1689
0            869        34.0165
0            870        30.9504
0            871        27.9654
0            872        25.1991
0            873        22.6775
0            874        20.3289
0            875        18.0728
0            876        16.0964
0            877         14.293
0            878        12.6652
0            879        11.1402
0            880        9.74028
0            881         8.4804
0            882        7.32086
0            883        6.32117
0            884        5.49346
0            885        4.74718
0            886        4.09458
0            887          3.553
0            888        3.05585
0            889        2.61634
0            890        2.27042
0            891         1.9625
0            892        1.72312
0            893        1.48108
0            894        1.24903
0            895         1.0467
0            896       0.878335
0            897       0.725619
0            898       0.584841
0            899        0.48343
0            900       0.410467
0            901       0.353094
0            902       0.306137
0            903       0.274179
0            904       0.240126
0            905       0.208384
0            906        0.17678
0            907       0.140353
0            908       0.114651
0            909      0.0950251
0            910      0.0821282
0            911      0.0631916
0            912       0.047612
0            913      0.0341353
0            914      0.0215884
0            915      0.0134241
0            916      0.0092017
0            917     0.00413186
0            918              0
0            919              0
0            920              0
0            921              0
0            922              0
0            923              0
0            924              0
