0              0      0.0638102
0              1      0.0656124
0              2      0.0680272
0              3      0.0709615
0              4      0.0741478
0              5       0.077914
0              6      0.0819397
0              7      0.0867904
0              8      0.0923212
0              9      0.0988236
0             10       0.106522
0             11       0.115456
0             12       0.126155
0             13       0.139068
0             14       0.153548
0             15       0.169256
0             16       0.187776
0             17       0.208685
0             18       0.232737
0             19       0.261182
0             20       0.292773
0             21       0.330705
0             22       0.373935
0             23       0.427055
0             24       0.482611
0             25       0.553792
0             26       0.633442
0             27       0.730691
0             28       0.849326
0             29        1.01939
0             30        1.22289
0             31        1.44077
0             32        1.75076
0             33        2.18392
0             34        2.73282
0             35        3.41942
0             36        4.27041
0             37        5.32637
0             38        6.67213
0             39        8.54357
0             40        11.1257
0             41         14.451
0             42        18.8515
0             43        24.4087
0             44        31.5917
0             45        40.7812
0             46        52.1702
0             47        66.7388
0             48        83.0576
0             49        102.224
0             50        122.916
0             51        145.484
0             52        169.251
0             53        192.547
0             54        215.971
0             55        238.027
0             56        257.053
0             57         273.33
0             58        285.271
0             59        290.624
0             60        290.002
0             61        283.747
0             62        271.402
0             63        257.595
0             64        239.433
0             65        219.467
0             66        195.675
0             67         172.13
0             68        146.758
0             69        124.136
0             70        102.347
0             71        83.4339
0             72         66.858
0             73        53.4935
0             74        42.4262
0             75        33.1012
0             76        25.9417
0             77        20.0599
0             78        15.6085
0             79        12.1652
0             80         9.5547
0             81        7.42534
0             82        5.84575
0             83        4.68145
0             84        3.90826
0             85        3.35518
0             86        2.93798
0             87        2.54888
0             88        2.28114
0             89        2.04284
0             90        1.84945
0             91     0.00586792
0             92     0.00592438
0             93     0.00597281
0             94     0.00606487
0             95     0.00620052
0             96     0.00632454
0             97     0.00655835
0             98     0.00692245
0             99     0.00730998
0            100     0.00779723
0            101     0.00860526
0            102     0.00979544
0            103       0.011282
0            104      0.0134682
0            105      0.0161157
0            106      0.0193972
0            107      0.0238916
0            108      0.0294982
0            109      0.0364837
0            110      0.0455152
0            111      0.0575299
0            112      0.0733954
0            113      0.0946501
0            114       0.121558
0            115       0.159104
0            116       0.207358
0            117       0.270481
0            118       0.351899
0            119       0.454927
0            120       0.586074
0            121       0.748633
0            122       0.958375
0            123        1.22389
0            124        1.55733
0            125        2.00237
0            126        2.60586
0            127        3.37959
0            128        4.36594
0            129         5.6517
0            130        7.28668
0            131        9.40001
0            132        12.1228
0            133        15.3728
0            134        19.5536
0            135        24.6829
0            136        30.8273
0            137        38.0365
0            138        46.2008
0            139        55.5766
0            140        66.1838
0            141        78.0214
0            142        90.5112
0            143        103.667
0            144        116.877
0            145        129.147
0            146        140.172
0            147        149.925
0            148         157.46
0            149        162.912
0            150        165.655
0            151        165.791
0            152        163.159
0            153         158.19
0            154        150.334
0            155        140.354
0            156        128.722
0            157        116.206
0            158        103.152
0            159        90.6234
0            160        78.0129
0            161         66.467
0            162        55.9249
0            163        46.3233
0            164        37.9527
0            165        30.9977
0            166        25.1067
0            167        20.0903
0            168         16.008
0            169        12.7191
0            170        10.1255
0            171        8.00221
0            172        6.36626
0            173        5.11653
0            174        4.12665
0            175        3.40482
0            176        2.86357
0            177        2.44011
0            178        2.11708
0            179         1.8589
0            180        1.66039
0            181        1.49682
0            182    0.000345761
0            183    0.000348097
0            184    0.000352524
0            185    0.000355566
0            186    0.000358162
0            187    0.000360252
0            188    0.000361077
0            189     0.00035992
0            190    0.000359065
0            191    0.000361348
0            192      0.0003643
0            193    0.000368342
0            194    0.000385499
0            195    0.000418512
0            196    0.000452672
0            197    0.000493985
0            198    0.000591585
0            199    0.000754167
0            200    0.000973136
0            201     0.00129375
0            202     0.00179484
0            203     0.00251971
0            204     0.00370073
0            205     0.00577778
0            206     0.00881731
0            207      0.0131278
0            208      0.0196204
0            209      0.0289924
0            210      0.0432785
0            211      0.0645707
0            212      0.0948878
0            213       0.138021
0            214       0.200331
0            215       0.293156
0            216       0.421318
0            217       0.603001
0            218       0.855165
0            219        1.20156
0            220        1.67639
0            221        2.30762
0            222        3.13525
0            223        4.20572
0            224        5.56625
0            225        7.26752
0            226        9.37573
0            227        11.9274
0            228        14.9536
0            229        18.5111
0            230        22.5394
0            231        27.0306
0            232        31.9706
0            233        37.3018
0            234        42.6937
0            235        48.1207
0            236         53.431
0            237          58.27
0            238        62.4299
0            239        65.7337
0            240        68.0103
0            241        69.1848
0            242        69.1837
0            243        67.9952
0            244        65.7366
0            245          62.38
0            246        58.2581
0            247        53.4186
0            248        48.2878
0            249        42.9316
0            250         37.461
0            251        32.3015
0            252        27.4441
0            253        22.9103
0            254        18.8401
0            255        15.2241
0            256         12.136
0            257        9.50555
0            258        7.32994
0            259        5.58544
0            260        4.21137
0            261        3.15147
0            262        2.35799
0            263        1.76039
0            264        1.31738
0            265        1.00477
0            266        0.78275
0            267       0.624293
0            268       0.516778
0            269       0.440909
0            270       0.387798
0            271       0.348238
0            272       0.316849
0            273     5.4645e-05
0            274    5.47488e-05
0            275    5.44325e-05
0            276    5.36912e-05
0            277    5.26519e-05
0            278     5.1925e-05
0            279    5.24888e-05
0            280    5.27412e-05
0            281    5.28001e-05
0            282    5.37014e-05
0            283    5.52954e-05
0            284    5.83171e-05
0            285    6.15437e-05
0            286    6.52602e-05
0            287    7.71686e-05
0            288    9.05558e-05
0            289    0.000105087
0            290    0.000129683
0            291    0.000160219
0            292    0.000209843
0            293    0.000292027
0            294    0.000404185
0            295    0.000560499
0            296    0.000768956
0            297     0.00105814
0            298     0.00144005
0            299     0.00198583
0            300     0.00320684
0            301     0.00508978
0            302      0.0079235
0            303      0.0116319
0            304      0.0170822
0            305       0.025252
0            306      0.0379112
0            307       0.056938
0            308      0.0842119
0            309       0.124431
0            310       0.181401
0            311       0.261218
0            312       0.371208
0            313       0.520464
0            314       0.721959
0            315       0.987968
0            316        1.32887
0            317        1.75576
0            318        2.28939
0            319        2.93594
0            320        3.70717
0            321          4.606
0            322        5.62571
0            323        6.74978
0            324        7.94582
0            325        9.20435
0            326        10.4702
0            327        11.6889
0            328        12.8107
0            329        13.7962
0            330        14.5933
0            331        15.1529
0            332        15.4299
0            333        15.4354
0            334        15.1604
0            335         14.618
0            336        13.8391
0            337          12.85
0            338         11.719
0            339        10.4717
0            340        9.19719
0            341        7.94047
0            342        6.72816
0            343        5.61637
0            344        4.61344
0            345         3.7218
0            346        2.95177
0            347        2.29974
0            348        1.76173
0            349        1.32959
0            350       0.987864
0            351       0.724202
0            352       0.521893
0            353       0.372786
0            354       0.263481
0            355       0.185249
0            356       0.131181
0            357      0.0959812
0            358      0.0736797
0            359      0.0590054
0            360      0.0495184
0            361      0.0432722
0            362      0.0389017
0            363      0.0354048
0            364    6.45183e-07
0            365    6.90038e-07
0            366    7.31017e-07
0            367    7.68489e-07
0            368    8.03159e-07
0            369    8.46854e-07
0            370    8.86627e-07
0            371    9.22103e-07
0            372    9.53366e-07
0            373    1.01209e-06
0            374    1.06667e-06
0            375    1.11454e-06
0            376    1.15745e-06
0            377    1.19458e-06
0            378     1.2571e-06
0            379    1.32965e-06
0            380     1.4576e-06
0            381    1.85686e-06
0            382    2.36398e-06
0            383    2.88324e-06
0            384    3.91298e-06
0            385    5.14117e-06
0            386    6.33515e-06
0            387    7.60035e-06
0            388    8.78916e-06
0            389    9.93613e-06
0            390    1.11199e-05
0            391    1.22501e-05
0            392    1.33739e-05
0            393    1.47178e-05
0            394    1.67991e-05
0            395    1.89016e-05
0            396    2.09701e-05
0            397    2.30935e-05
0            398     2.5366e-05
0            399    2.78247e-05
0            400    3.16455e-05
0            401     3.8415e-05
0            402    4.59511e-05
0            403     5.4538e-05
0            404     6.5387e-05
0            405    7.74233e-05
0            406    9.37765e-05
0            407    0.000112876
0            408    0.000133473
0            409     0.00015789
0            410    0.000186451
0            411     0.00021749
0            412    0.000255231
0            413     0.00029783
0            414    0.000341014
0            415      0.0003903
0            416    0.000449597
0            417    0.000524391
0            418    0.000622472
0            419    0.000737474
0            420    0.000874522
0            421     0.00103672
0            422     0.00123923
0            423     0.00148719
0            424     0.00179438
0            425     0.00217838
0            426     0.00264713
0            427     0.00321131
0            428     0.00390106
0            429     0.00472032
0            430     0.00568729
0            431     0.00682235
0            432     0.00817192
0            433     0.00981215
0            434      0.0117498
0            435      0.0140931
0            436      0.0168519
0            437      0.0200349
0            438      0.0237855
0            439      0.0280974
0            440      0.0331449
0            441      0.0390029
0            442      0.0458764
0            443      0.0538644
0            444      0.0630473
0            445      0.0736296
0            446      0.0857945
0            447      0.0997093
0            448       0.115727
0            449       0.134009
0            450       0.154822
0            451       0.178218
0            452       0.204677
0            453       0.234111
0            454       0.266991
0            455       0.303051
0            456       0.342377
0            457       0.385484
0            458       0.432035
0            459       0.482523
0            460       0.537257
0            461       0.595963
0            462       0.657621
0            463       0.722456
0            464       0.791033
0            465       0.860937
0            466       0.933592
0            467         1.0073
0            468         1.0819
0            469        1.15714
0            470        1.23082
0            471        1.30423
0            472        1.37469
0            473        1.44253
0            474        1.50634
0            475        1.56652
0            476        1.62232
0            477        1.67074
0            478        1.71369
0            479         1.7497
0            480        1.77802
0            481        1.79855
0            482          1.811
0            483        1.81659
0            484        1.81306
0            485        1.80122
0            486        1.78018
0            487         1.7505
0            488        1.71248
0            489        1.66799
0            490        1.61716
0            491        1.55941
0            492        1.49846
0            493        1.43277
0            494        1.36556
0            495        1.29535
0            496        1.22256
0            497         1.1491
0            498        1.07599
0            499        1.00257
0            500       0.929602
0            501       0.858141
0            502       0.788781
0            503       0.721284
0            504       0.657423
0            505       0.596674
0            506       0.539086
0            507       0.485068
0            508        0.43411
0            509       0.386906
0            510       0.343569
0            511       0.303785
0            512       0.267685
0            513       0.234755
0            514       0.204785
0            515       0.177837
0            516       0.153975
0            517       0.132825
0            518       0.114327
0            519      0.0981503
0            520      0.0839368
0            521      0.0717086
0            522      0.0611147
0            523       0.051907
0            524      0.0440762
0            525      0.0374528
0            526      0.0317873
0            527      0.0268909
0            528      0.0227293
0            529      0.0192571
0            530      0.0163561
0            531       0.013932
0            532      0.0118806
0            533      0.0101489
0            534     0.00873809
0            535     0.00760595
0            536     0.00667867
0            537     0.00587407
0            538     0.00522169
0            539     0.00467188
0            540     0.00423783
0            541     0.00389363
0            542     0.00361343
0            543     0.00335491
0            544     0.00311726
0            545       0.928554
0            546       0.674382
0            547       0.398565
0            548       0.111073
0            549      0.0113713
0            550     0.00127119
0            551    0.000660866
0            552     0.00023745
0            553    0.000234372
0            554        6.04491
0            555        4.16099
0            556        2.29581
0            557       0.661618
0            558      0.0501388
0            559     0.00307714
0            560     0.00326736
0            561    0.000411104
0            562    0.000320851
0            563        32.8727
0            564         23.337
0            565        13.6684
0            566        4.14241
0            567       0.515104
0            568      0.0308081
0            569     0.00640323
0            570     0.00112626
0            571    0.000442819
0            572        121.089
0            573        93.7217
0            574        60.6913
0            575        20.0794
0            576        2.47909
0            577       0.176239
0            578      0.0186716
0            579     0.00902742
0            580    0.000593618
0            581        254.501
0            582         210.11
0            583        145.084
0            584        50.8952
0            585        6.69345
0            586       0.442976
0            587      0.0339459
0            588     0.00906409
0            589    0.000823234
0            590        267.281
0            591        222.439
0            592        154.457
0            593        55.5604
0            594        7.07249
0            595       0.386422
0            596      0.0330744
0            597     0.00826144
0            598     0.00522729
