0              0    1.75747e-30
0              1    1.00922e-29
0              2    6.87084e-29
0              3    4.53806e-28
0              4    3.23023e-27
0              5     2.2404e-26
0              6    1.51755e-25
0              7    1.10694e-24
0              8     7.8775e-24
0              9    6.04053e-23
0             10    4.57655e-22
0             11    3.39268e-21
0             12    2.72549e-20
0             13    2.37692e-19
0             14    2.02888e-18
0             15    1.56397e-17
0             16     1.3141e-16
0             17    1.07959e-15
0             18    8.97691e-15
0             19    8.14229e-14
0             20     6.7171e-13
0             21    5.73596e-12
0             22    4.65459e-11
0             23    4.31333e-10
0             24    3.21762e-09
0             25    2.69946e-08
0             26    1.92213e-07
0             27    1.43369e-06
0             28    9.56167e-06
0             29    6.32649e-05
0             30    0.000387036
0             31     0.00210395
0             32      0.0114263
0             33      0.0555814
0             34       0.234993
0             35       0.863889
0             36        2.79769
0             37        8.29794
0             38        20.9727
0             39        45.3333
0             40        83.0316
0             41        128.871
0             42        170.746
0             43        186.767
0             44        170.659
0             45        131.638
0             46        85.5538
0             47        45.1623
0             48        20.8095
0             49         7.6579
0             50        2.52214
0             51       0.711905
0             52       0.172301
0             53      0.0362834
0             54     0.00662798
0             55     0.00117013
0             56     0.00018644
0             57    2.64385e-05
0             58    3.34195e-06
0             59    3.90007e-07
0             60    4.80265e-08
0             61    5.38309e-09
0             62    5.73507e-10
0             63    6.33444e-11
0             64    6.39075e-12
0             65    7.01367e-13
0             66    6.52275e-14
0             67    7.08152e-15
0             68    6.07803e-16
0             69    6.01104e-17
0             70    5.65546e-18
0             71    5.41896e-19
0             72    4.62253e-20
0             73    4.32143e-21
0             74    4.13774e-22
0             75    3.85762e-23
0             76    4.04232e-24
0             77    3.88318e-25
0             78     3.7527e-26
0             79    4.15549e-27
0             80    5.23882e-28
0             81     6.6588e-29
0             82    8.70629e-30
0             83    1.26279e-30
0             84     1.8143e-31
0             85    2.85886e-32
0             86    4.43605e-33
0             87     6.8287e-34
0             88    1.13123e-34
0             89    1.84652e-35
0             90    3.58407e-36
0             91    1.31271e-46
0             92    1.96761e-45
0             93    2.86258e-44
0             94    4.61397e-43
0             95     7.7254e-42
0             96     1.3573e-40
0             97    2.49304e-39
0             98    4.79313e-38
0             99    9.61997e-37
0            100    1.88018e-35
0            101    3.82525e-34
0            102    8.73428e-33
0            103    1.80186e-31
0            104    3.93559e-30
0            105    8.98335e-29
0            106    2.14139e-27
0            107     5.0262e-26
0            108    1.16217e-24
0            109    2.78713e-23
0            110    6.53606e-22
0            111    1.49482e-20
0            112    3.32794e-19
0            113    7.54173e-18
0            114    1.46768e-16
0            115     3.1489e-15
0            116    6.08894e-14
0            117    1.14928e-12
0            118     2.1109e-11
0            119    3.74717e-10
0            120    5.90592e-09
0            121    8.83612e-08
0            122    1.24004e-06
0            123    1.50459e-05
0            124    0.000156798
0            125     0.00145824
0            126      0.0122393
0            127      0.0833238
0            128       0.460193
0            129        2.11388
0            130        7.54925
0            131        20.6847
0            132        43.7539
0            133        68.1321
0            134         79.733
0            135        68.9268
0            136         43.912
0            137        20.7685
0            138         7.3247
0            139        1.95177
0            140       0.417028
0            141      0.0664136
0            142     0.00884597
0            143    0.000954331
0            144     8.4583e-05
0            145    6.72762e-06
0            146    4.53757e-07
0            147     2.5737e-08
0            148    1.38991e-09
0            149    6.97921e-11
0            150    3.06149e-12
0            151      1.176e-13
0            152    4.35737e-15
0            153    1.57149e-16
0            154    5.05704e-18
0            155    1.60986e-19
0            156    5.11354e-21
0            157    1.63263e-22
0            158     4.7893e-24
0            159    1.64687e-25
0            160    5.03082e-27
0            161     1.6511e-28
0            162    5.54345e-30
0            163    1.89211e-31
0            164    6.51414e-33
0            165    2.37206e-34
0            166    8.60892e-36
0            167    3.09754e-37
0            168     1.1681e-38
0            169    4.62342e-40
0            170    1.98141e-41
0            171    7.65268e-43
0            172    3.40338e-44
0            173     1.5949e-45
0            174    7.37705e-47
0            175    3.59904e-48
0            176    1.85415e-49
0            177    1.02533e-50
0            178    5.88745e-52
0            179     3.6137e-53
0            180    2.53554e-54
0            181    1.71903e-55
0            182    3.39527e-71
0            183    2.10948e-69
0            184    1.43184e-67
0            185    9.51164e-66
0            186    6.55193e-64
0            187    4.94652e-62
0            188    4.09525e-60
0            189    3.16575e-58
0            190    2.56406e-56
0            191     2.2991e-54
0            192    2.06489e-52
0            193    1.87012e-50
0            194    1.71829e-48
0            195    1.68252e-46
0            196    1.70063e-44
0            197    1.75176e-42
0            198    1.83243e-40
0            199    1.86366e-38
0            200    2.00162e-36
0            201    2.02761e-34
0            202    2.20289e-32
0            203    2.32869e-30
0            204    2.44364e-28
0            205    2.85412e-26
0            206    3.00347e-24
0            207    2.93125e-22
0            208    2.83825e-20
0            209    2.21795e-18
0            210    1.66262e-16
0            211    1.00006e-14
0            212    5.44257e-13
0            213    2.54425e-11
0            214    1.02221e-09
0            215    3.62613e-08
0            216    1.03197e-06
0            217     2.4304e-05
0            218    0.000462849
0            219     0.00692183
0            220      0.0753108
0            221        0.59322
0            222        3.22011
0            223        11.1266
0            224        23.7761
0            225         30.839
0            226          23.92
0            227        11.0883
0            228         3.1282
0            229        0.55475
0            230      0.0665719
0            231     0.00552158
0            232    0.000327845
0            233    1.42744e-05
0            234    4.91845e-07
0            235    1.36017e-08
0            236    2.90118e-10
0            237    5.15142e-12
0            238    7.74723e-14
0            239    9.99102e-16
0            240    1.04285e-17
0            241    9.88358e-20
0            242    8.15827e-22
0            243    5.94172e-24
0            244    4.18995e-26
0            245    2.56108e-28
0            246    1.72966e-30
0            247    1.07307e-32
0            248    7.64397e-35
0            249    5.66294e-37
0            250    4.05193e-39
0            251     3.3173e-41
0            252    2.65824e-43
0            253    2.00761e-45
0            254    1.57579e-47
0            255    1.13312e-49
0            256    8.39115e-52
0            257    5.89654e-54
0            258    4.10386e-56
0            259    2.83635e-58
0            260    2.00067e-60
0            261    1.47657e-62
0            262    1.09251e-64
0            263    8.11973e-67
0            264    6.07166e-69
0            265    5.18707e-71
0            266    4.82773e-73
0            267    4.22054e-75
0            268    4.24936e-77
0            269    4.94179e-79
0            270    6.17088e-81
0            271    7.81122e-83
0            272    1.14326e-84
0            273    3.2228e-112
0            274   2.94766e-109
0            275   3.13822e-106
0            276    3.6227e-103
0            277   4.74306e-100
0            278    6.69243e-97
0            279    9.60266e-94
0            280     1.5554e-90
0            281    2.54197e-87
0            282     4.2323e-84
0            283    7.05714e-81
0            284    1.18899e-77
0            285    2.08675e-74
0            286     3.3554e-71
0            287    5.28077e-68
0            288    7.92251e-65
0            289    1.11106e-61
0            290    1.40666e-58
0            291    1.61248e-55
0            292    1.74514e-52
0            293    1.73653e-49
0            294    1.70247e-46
0            295    1.79167e-43
0            296    1.76708e-40
0            297    1.76725e-37
0            298    1.57568e-34
0            299    1.16532e-31
0            300    7.66538e-29
0            301    4.18778e-26
0            302    2.01349e-23
0            303    8.47632e-21
0            304    2.92737e-18
0            305    8.26327e-16
0            306    1.74106e-13
0            307    2.88199e-11
0            308    3.39087e-09
0            309    2.88649e-07
0            310    1.69905e-05
0            311    0.000685928
0            312      0.0176088
0            313       0.262632
0            314        2.04645
0            315        7.42635
0            316         11.527
0            317        7.46555
0            318        2.04063
0            319       0.251636
0            320      0.0158307
0            321    0.000555416
0            322    1.17469e-05
0            323    1.61905e-07
0            324    1.51161e-09
0            325    9.78777e-12
0            326     4.5572e-14
0            327    1.61662e-16
0            328     4.2507e-19
0            329    8.47109e-22
0            330     1.1967e-24
0            331    1.31062e-27
0            332    1.00728e-30
0            333    6.00922e-34
0            334    2.75436e-37
0            335    1.08149e-40
0            336    3.96822e-44
0            337     1.4542e-47
0            338     6.5389e-51
0            339    3.20382e-54
0            340    1.59565e-57
0            341    7.94554e-61
0            342    3.25052e-64
0            343    1.26103e-67
0            344    4.40964e-71
0            345    1.39149e-74
0            346    4.23064e-78
0            347    1.21126e-81
0            348    3.28429e-85
0            349    8.76808e-89
0            350    2.38732e-92
0            351    6.72859e-96
0            352    1.84161e-99
0            353   5.65957e-103
0            354   1.90546e-106
0            355   6.96523e-110
0            356    2.9167e-113
0            357   1.43153e-116
0            358   9.81398e-120
0            359   8.53928e-123
0            360   9.69388e-126
0            361   1.40751e-128
0            362   2.36942e-131
0            363   4.70375e-134
0            364   6.30597e-176
0            365   9.93467e-174
0            366   1.58169e-171
0            367   2.65133e-169
0            368   4.35975e-167
0            369   7.50656e-165
0            370   1.35276e-162
0            371   2.47519e-160
0            372   4.44476e-158
0            373   8.10209e-156
0            374    1.5898e-153
0            375    2.9716e-151
0            376   5.79924e-149
0            377   1.14645e-146
0            378   2.21688e-144
0            379   4.47927e-142
0            380   8.60092e-140
0            381   1.71997e-137
0            382   3.37445e-135
0            383   6.70306e-133
0            384   1.27202e-130
0            385   2.53364e-128
0            386   5.20421e-126
0            387    1.0678e-123
0            388   2.42431e-121
0            389   6.26394e-119
0            390   1.90586e-116
0            391   6.69811e-114
0            392   2.57969e-111
0            393   1.04949e-108
0            394   4.46153e-106
0            395   1.84707e-103
0            396   7.60585e-101
0            397    3.10779e-98
0            398    1.26151e-95
0            399    4.98565e-93
0            400    1.94167e-90
0            401    7.95845e-88
0            402    3.25086e-85
0            403    1.43789e-82
0            404    6.41393e-80
0            405    2.84171e-77
0            406    1.32832e-74
0            407     5.7611e-72
0            408    2.38219e-69
0            409     9.4604e-67
0            410    3.51254e-64
0            411    1.16514e-61
0            412    3.58713e-59
0            413    1.03934e-56
0            414    2.63348e-54
0            415    6.03582e-52
0            416    1.32631e-49
0            417    2.50555e-47
0            418    4.54463e-45
0            419     7.1372e-43
0            420    1.04437e-40
0            421    1.42622e-38
0            422    1.76056e-36
0            423    1.96623e-34
0            424    1.98556e-32
0            425    1.86683e-30
0            426    1.53245e-28
0            427     1.1545e-26
0            428    7.81162e-25
0            429     4.7439e-23
0            430    2.58489e-21
0            431    1.26347e-19
0            432     5.4998e-18
0            433    2.16041e-16
0            434    7.54267e-15
0            435    2.28143e-13
0            436    6.28178e-12
0            437    1.49367e-10
0            438    3.11804e-09
0            439    5.53914e-08
0            440    8.69116e-07
0            441      1.128e-05
0            442    0.000126369
0            443     0.00116639
0            444     0.00870116
0            445      0.0520391
0            446       0.237849
0            447       0.808465
0            448        1.99741
0            449        3.47167
0            450        4.18449
0            451        3.48159
0            452        1.99787
0            453       0.808115
0            454       0.232719
0            455      0.0493447
0            456     0.00806365
0            457     0.00101867
0            458     0.00010499
0            459    8.85935e-06
0            460    6.19002e-07
0            461     3.6095e-08
0            462    1.80564e-09
0            463    7.62831e-11
0            464    2.72099e-12
0            465    8.46777e-14
0            466    2.24144e-15
0            467    5.06184e-17
0            468    1.02983e-18
0            469    1.74341e-20
0            470    2.68713e-22
0            471    3.55227e-24
0            472    4.18747e-26
0            473    4.28059e-28
0            474    4.06454e-30
0            475    3.33504e-32
0            476    2.43956e-34
0            477    1.61308e-36
0            478    9.48395e-39
0            479    4.99714e-41
0            480    2.36242e-43
0            481     1.0038e-45
0            482     3.8398e-48
0            483    1.36309e-50
0            484    4.18575e-53
0            485    1.20547e-55
0            486    3.12075e-58
0            487     7.2466e-61
0            488    1.50606e-63
0            489    2.92585e-66
0            490    5.32003e-69
0            491    8.25893e-72
0            492    1.26073e-74
0            493    1.64665e-77
0            494    2.13646e-80
0            495    2.56242e-83
0            496    2.78303e-86
0            497    3.03779e-89
0            498    3.36659e-92
0            499    3.70406e-95
0            500    4.31492e-98
0            501   5.40279e-101
0            502   6.97284e-104
0            503   8.64371e-107
0            504    1.1352e-109
0            505   1.42634e-112
0            506   1.70783e-115
0            507   2.10541e-118
0            508   2.52585e-121
0            509   3.29664e-124
0            510   4.74033e-127
0            511   8.02137e-130
0            512   1.66552e-132
0            513    4.0386e-135
0            514   1.07236e-137
0            515   2.90573e-140
0            516   8.30503e-143
0            517   2.43367e-145
0            518   7.20634e-148
0            519   2.14981e-150
0            520   6.44755e-153
0            521   1.94076e-155
0            522   6.08048e-158
0            523   1.83711e-160
0            524   5.76841e-163
0            525   1.93989e-165
0            526   6.33168e-168
0            527   2.13064e-170
0            528   7.16987e-173
0            529    2.5879e-175
0            530   9.05376e-178
0            531   3.37593e-180
0            532   1.26847e-182
0            533   4.92477e-185
0            534   2.05657e-187
0            535   8.26261e-190
0            536   3.71795e-192
0            537   1.73224e-194
0            538   8.07936e-197
0            539   3.90264e-199
0            540   2.03259e-201
0            541   1.14191e-203
0            542   6.41905e-206
0            543   3.87518e-208
0            544   2.43548e-210
0            545    6.46527e-11
0            546    7.37962e-11
0            547    8.64747e-11
0            548    1.12596e-10
0            549    1.41541e-10
0            550    1.29104e-10
0            551    7.98318e-11
0            552    4.14007e-11
0            553    1.00862e-11
0            554     0.00427586
0            555     0.00435801
0            556     0.00448003
0            557     0.00456179
0            558     0.00403106
0            559     0.00225146
0            560    0.000866906
0            561     0.00024859
0            562    2.81032e-05
0            563        60.7367
0            564         59.194
0            565        56.5852
0            566        47.5164
0            567        28.0848
0            568        9.91465
0            569        2.76485
0            570       0.535223
0            571      0.0487318
0            572       0.949721
0            573       0.946499
0            574        0.93103
0            575       0.846757
0            576       0.591833
0            577       0.254384
0            578       0.080906
0            579       0.016953
0            580     0.00157491
0            581     9.7746e-08
0            582    1.05445e-07
0            583    1.15433e-07
0            584      1.364e-07
0            585    1.46134e-07
0            586    1.09435e-07
0            587    5.08113e-08
0            588    1.36196e-08
0            589    1.61986e-09
0            590    1.89973e-17
0            591    2.22725e-17
0            592    2.71381e-17
0            593    3.57968e-17
0            594    4.71719e-17
0            595    5.54228e-17
0            596    4.61138e-17
0            597    2.22551e-17
0            598    4.54987e-18
