0              0     0.00177454
0              1     0.00192623
0              2     0.00210904
0              3     0.00230724
0              4     0.00253867
0              5     0.00279166
0              6       0.003073
0              7     0.00339853
0              8     0.00376321
0              9      0.0041883
0             10     0.00466244
0             11     0.00519959
0             12     0.00583491
0             13     0.00659428
0             14     0.00747852
0             15      0.0084669
0             16     0.00967924
0             17       0.011128
0             18      0.0128736
0             19      0.0151067
0             20      0.0177767
0             21      0.0212741
0             22      0.0256235
0             23      0.0318358
0             24       0.039517
0             25      0.0506678
0             26      0.0653815
0             27      0.0870053
0             28       0.116721
0             29       0.160151
0             30       0.222613
0             31       0.310338
0             32        0.44449
0             33       0.640059
0             34       0.917265
0             35        1.30404
0             36        1.84192
0             37        2.61777
0             38         3.6716
0             39         5.0985
0             40        6.98779
0             41        9.45801
0             42        12.8153
0             43        16.7998
0             44        21.9852
0             45        27.8978
0             46        34.8098
0             47        43.1958
0             48        52.0235
0             49         61.981
0             50        71.7793
0             51         81.425
0             52        90.6029
0             53        98.6328
0             54        105.184
0             55        109.649
0             56        111.998
0             57        112.114
0             58        109.808
0             59        105.121
0             60        98.7504
0             61        90.6608
0             62        81.4518
0             63        71.8557
0             64        61.8046
0             65        52.4605
0             66         43.278
0             67        35.4141
0             68        27.9191
0             69        22.0195
0             70        16.9069
0             71        12.9018
0             72        9.57967
0             73        7.09113
0             74        5.16772
0             75        3.72214
0             76        2.68345
0             77        1.88498
0             78        1.31347
0             79       0.919792
0             80       0.648681
0             81       0.457733
0             82        0.32084
0             83       0.228165
0             84       0.163906
0             85       0.119846
0             86      0.0888163
0             87       0.066063
0             88      0.0507859
0             89        0.03929
0             90      0.0314299
0             91    0.000362265
0             92    0.000417704
0             93    0.000481231
0             94    0.000557666
0             95     0.00064764
0             96     0.00075467
0             97      0.0008816
0             98     0.00103314
0             99     0.00121472
0            100      0.0014277
0            101     0.00168413
0            102     0.00200162
0            103     0.00237089
0            104     0.00282062
0            105     0.00337173
0            106      0.0040515
0            107     0.00487767
0            108     0.00588634
0            109     0.00715024
0            110     0.00871241
0            111      0.0106523
0            112      0.0130761
0            113      0.0161918
0            114      0.0199999
0            115       0.025123
0            116      0.0316915
0            117      0.0404162
0            118      0.0521804
0            119      0.0683018
0            120      0.0901397
0            121       0.120964
0            122        0.16536
0            123       0.228371
0            124       0.317805
0            125       0.447098
0            126       0.638091
0            127       0.907724
0            128        1.28762
0            129        1.83469
0            130        2.59226
0            131        3.62287
0            132        5.04365
0            133        6.85836
0            134        9.26419
0            135        12.3169
0            136        16.0816
0            137        20.6288
0            138        25.9094
0            139        31.9119
0            140        38.3433
0            141        45.2413
0            142        52.0839
0            143        58.6499
0            144        64.5582
0            145        69.3275
0            146        72.7747
0            147         74.664
0            148        74.6859
0            149        73.0446
0            150        69.7428
0            151        64.9559
0            152         59.131
0            153        52.6531
0            154        45.7171
0            155        38.8578
0            156        32.3489
0            157         26.385
0            158        20.9753
0            159        16.5116
0            160        12.6235
0            161        9.52313
0            162        7.06218
0            163        5.15369
0            164        3.70559
0            165        2.64881
0            166        1.87164
0            167        1.30957
0            168       0.917964
0            169       0.647191
0            170       0.458364
0            171       0.323637
0            172       0.232371
0            173       0.169229
0            174       0.124134
0            175      0.0924885
0            176      0.0699233
0            177      0.0532874
0            178      0.0413446
0            179      0.0322708
0            180      0.0254805
0            181      0.0202815
0            182    1.19235e-05
0            183    1.52107e-05
0            184    1.95329e-05
0            185     2.5077e-05
0            186    3.22968e-05
0            187    4.18822e-05
0            188    5.46894e-05
0            189    7.11588e-05
0            190    9.29649e-05
0            191    0.000122324
0            192     0.00016104
0            193    0.000212155
0            194    0.000279728
0            195    0.000370155
0            196    0.000490932
0            197    0.000651965
0            198     0.00086706
0            199     0.00115221
0            200     0.00153748
0            201     0.00204641
0            202     0.00273641
0            203     0.00365369
0            204     0.00487598
0            205     0.00655823
0            206     0.00879162
0            207      0.0117999
0            208       0.015966
0            209      0.0215351
0            210       0.029344
0            211      0.0399357
0            212      0.0548003
0            213      0.0755686
0            214       0.104796
0            215       0.146708
0            216       0.205684
0            217       0.289903
0            218       0.410269
0            219       0.582048
0            220       0.821709
0            221        1.15836
0            222        1.62831
0            223        2.26512
0            224        3.11358
0            225         4.2217
0            226        5.65964
0            227        7.46044
0            228        9.65259
0            229        12.2531
0            230          15.19
0            231        18.4363
0            232        21.9094
0            233        25.4711
0            234        28.8436
0            235        31.8831
0            236        34.4307
0            237        36.2482
0            238         37.212
0            239        37.2562
0            240         36.355
0            241        34.6219
0            242        32.1548
0            243        29.1273
0            244        25.7861
0            245        22.2303
0            246        18.7848
0            247        15.4571
0            248        12.4844
0            249         9.8704
0            250        7.61283
0            251        5.79281
0            252        4.32968
0            253        3.17508
0            254        2.30908
0            255         1.6522
0            256         1.1777
0            257       0.832087
0            258       0.586211
0            259       0.412741
0            260       0.290616
0            261       0.206132
0            262       0.146857
0            263       0.105152
0            264       0.075659
0            265      0.0550024
0            266      0.0401752
0            267      0.0293487
0            268       0.021597
0            269      0.0159919
0            270      0.0118828
0            271     0.00881427
0            272     0.00655736
0            273    7.61964e-09
0            274    1.16723e-08
0            275    1.79882e-08
0            276    2.77709e-08
0            277    4.31104e-08
0            278    6.71268e-08
0            279    1.04496e-07
0            280    1.63906e-07
0            281    2.57232e-07
0            282    4.04671e-07
0            283    6.37492e-07
0            284     1.0076e-06
0            285     1.6017e-06
0            286    2.54181e-06
0            287    4.04345e-06
0            288    6.44936e-06
0            289    1.02963e-05
0            290    1.64283e-05
0            291    2.62039e-05
0            292    4.18495e-05
0            293    6.67428e-05
0            294    0.000106209
0            295    0.000169461
0            296     0.00026828
0            297    0.000425472
0            298    0.000674022
0            299     0.00106165
0            300     0.00167351
0            301     0.00262348
0            302     0.00410704
0            303     0.00642506
0            304      0.0100174
0            305      0.0156192
0            306       0.024216
0            307       0.037578
0            308      0.0579464
0            309      0.0890267
0            310       0.135728
0            311       0.205692
0            312       0.308482
0            313       0.457274
0            314       0.668962
0            315       0.964621
0            316        1.36576
0            317        1.89603
0            318        2.58604
0            319        3.45051
0            320        4.49635
0            321        5.72326
0            322        7.11359
0            323        8.61589
0            324        10.1598
0            325        11.6747
0            326         13.053
0            327        14.1974
0            328          15.02
0            329        15.4569
0            330        15.4686
0            331        15.0537
0            332        14.2384
0            333        13.1033
0            334        11.7258
0            335        10.2152
0            336         8.6675
0            337        7.15583
0            338        5.76598
0            339        4.52694
0            340        3.46977
0            341        2.60637
0            342        1.90938
0            343        1.37278
0            344       0.968925
0            345       0.671401
0            346        0.45896
0            347       0.309403
0            348       0.205966
0            349       0.135867
0            350      0.0889053
0            351       0.057921
0            352      0.0374186
0            353      0.0241532
0            354      0.0155421
0            355     0.00997731
0            356     0.00638407
0            357     0.00407352
0            358     0.00260068
0            359     0.00165402
0            360      0.0010492
0            361    0.000665421
0            362       0.000421
0            363    0.000265658
0            364       6.77e-15
0            365    9.98386e-15
0            366    1.47524e-14
0            367    2.18801e-14
0            368    3.23959e-14
0            369    4.81753e-14
0            370    7.19439e-14
0            371    1.07501e-13
0            372    1.60314e-13
0            373    2.39175e-13
0            374    3.59447e-13
0            375    5.37194e-13
0            376    8.05799e-13
0            377    1.20884e-12
0            378    1.81207e-12
0            379    2.72237e-12
0            380    4.07331e-12
0            381    6.11631e-12
0            382    9.16683e-12
0            383    1.37408e-11
0            384    2.05231e-11
0            385    3.07646e-11
0            386     4.6199e-11
0            387    6.90486e-11
0            388    1.03404e-10
0            389    1.54667e-10
0            390    2.31087e-10
0            391    3.44922e-10
0            392    5.14366e-10
0            393    7.67688e-10
0            394    1.14662e-09
0            395    1.70883e-09
0            396      2.545e-09
0            397    3.78781e-09
0            398    5.63366e-09
0            399    8.36198e-09
0            400     1.2387e-08
0            401    1.83589e-08
0            402    2.71213e-08
0            403    4.00804e-08
0            404    5.90428e-08
0            405    8.66465e-08
0            406    1.27422e-07
0            407    1.86488e-07
0            408     2.7247e-07
0            409    3.97863e-07
0            410    5.80165e-07
0            411    8.42637e-07
0            412    1.22282e-06
0            413    1.77491e-06
0            414    2.56602e-06
0            415    3.70165e-06
0            416     5.3548e-06
0            417    7.70397e-06
0            418     1.1116e-05
0            419    1.59526e-05
0            420    2.28939e-05
0            421    3.28499e-05
0            422    4.69909e-05
0            423    6.70004e-05
0            424     9.5202e-05
0            425    0.000135139
0            426     0.00019061
0            427    0.000268406
0            428    0.000376483
0            429    0.000526009
0            430    0.000732047
0            431     0.00101483
0            432     0.00140115
0            433     0.00192758
0            434     0.00264134
0            435     0.00359714
0            436     0.00489191
0            437     0.00661266
0            438     0.00890431
0            439      0.0119167
0            440      0.0159176
0            441      0.0210825
0            442      0.0278606
0            443       0.036575
0            444      0.0476996
0            445      0.0618937
0            446      0.0797784
0            447       0.102109
0            448       0.129984
0            449       0.164256
0            450       0.206083
0            451       0.256709
0            452       0.317848
0            453       0.389948
0            454       0.475558
0            455        0.57541
0            456       0.690094
0            457       0.822114
0            458       0.970377
0            459        1.13664
0            460        1.32115
0            461        1.52306
0            462        1.73978
0            463        1.97099
0            464         2.2162
0            465        2.46826
0            466         2.7271
0            467        2.98755
0            468        3.24298
0            469        3.49202
0            470        3.72504
0            471         3.9412
0            472        4.13294
0            473         4.2966
0            474        4.42687
0            475          4.523
0            476        4.58189
0            477        4.59984
0            478        4.57873
0            479        4.51811
0            480        4.41963
0            481        4.28588
0            482        4.12024
0            483        3.92869
0            484        3.71192
0            485         3.4784
0            486        3.23136
0            487         2.9758
0            488        2.71654
0            489        2.46003
0            490        2.21012
0            491        1.96668
0            492        1.73775
0            493        1.52065
0            494        1.32149
0            495        1.13888
0            496       0.972392
0            497       0.824219
0            498       0.693242
0            499       0.577914
0            500       0.478045
0            501       0.392694
0            502       0.320127
0            503       0.258645
0            504       0.207846
0            505       0.165714
0            506       0.130994
0            507       0.102997
0            508      0.0802881
0            509      0.0622706
0            510       0.047942
0            511      0.0366383
0            512      0.0278319
0            513      0.0210181
0            514      0.0157816
0            515      0.0117647
0            516     0.00873585
0            517     0.00645143
0            518     0.00473956
0            519     0.00346442
0            520     0.00252012
0            521     0.00182475
0            522     0.00131748
0            523    0.000945808
0            524    0.000677351
0            525       0.000485
0            526    0.000345342
0            527    0.000245574
0            528    0.000174062
0            529    0.000123432
0            530    8.70617e-05
0            531    6.14829e-05
0            532     4.3244e-05
0            533    3.03804e-05
0            534    2.13469e-05
0            535     1.4922e-05
0            536    1.04435e-05
0            537    7.29591e-06
0            538    5.07432e-06
0            539    3.52129e-06
0            540    2.44102e-06
0            541    1.69005e-06
0            542    1.16381e-06
0            543    8.01159e-07
0            544    5.49089e-07
0            545       0.899819
0            546       0.187794
0            547      0.0594136
0            548       0.018606
0            549     0.00463775
0            550    0.000377955
0            551    3.83275e-05
0            552    4.71468e-06
0            553    5.16841e-07
0            554        4.32155
0            555        1.13092
0            556       0.537252
0            557       0.261877
0            558      0.0471371
0            559     0.00280766
0            560    0.000240991
0            561    2.78318e-05
0            562    2.70099e-06
0            563        21.3957
0            564        9.81319
0            565        5.89256
0            566        2.42519
0            567       0.282524
0            568      0.0129672
0            569    0.000978293
0            570     0.00010527
0            571    9.16311e-06
0            572        84.9635
0            573        58.8834
0            574        35.0487
0            575        10.8164
0            576       0.907145
0            577      0.0348021
0            578     0.00241894
0            579    0.000243733
0            580    1.96023e-05
0            581        160.942
0            582        127.675
0            583        73.8999
0            584        19.8548
0            585        1.44589
0            586      0.0513861
0            587     0.00346592
0            588    0.000334378
0            589    2.57664e-05
0            590        113.006
0            591        83.3503
0            592        49.1164
0            593        14.2438
0            594        1.11622
0            595      0.0411338
0            596     0.00284455
0            597    0.000272171
0            598    2.07317e-05
