0              0      0.0461819
0              1      0.0516677
0              2      0.0586966
0              3      0.0670098
0              4      0.0786614
0              5      0.0941564
0              6       0.118187
0              7       0.157667
0              8       0.209543
0              9        0.28816
0             10       0.402735
0             11       0.570485
0             12       0.914358
0             13        1.49124
0             14        2.36234
0             15        3.60081
0             16        5.62245
0             17        8.71499
0             18         13.078
0             19        19.5067
0             20        27.4339
0             21        36.7107
0             22        47.7881
0             23        61.4749
0             24        73.7719
0             25        84.6886
0             26        93.5232
0             27        100.676
0             28        102.683
0             29        101.545
0             30        95.9968
0             31        85.7202
0             32        72.8656
0             33        59.5031
0             34         46.873
0             35        36.6128
0             36        27.6787
0             37        20.1027
0             38        13.6409
0             39         8.9425
0             40        6.01467
0             41        4.01822
0             42         2.5496
0             43        1.64443
0             44        1.00157
0             45       0.634847
0             46       0.412213
0             47       0.277684
0             48        0.20664
0             49       0.163713
0             50       0.128126
0             51       0.102192
0             52      0.0856324
0             53      0.0740978
0             54       0.063483
0             55      0.0544459
0             56      0.0475847
0             57      0.0423121
0             58      0.0378873
0             59      0.0340301
0             60      0.0307568
0             61      0.0277483
0             62      0.0250903
0             63      0.0227782
0             64        0.02067
0             65      0.0188893
0             66      0.0172361
0             67      0.0158428
0             68       0.014494
0             69      0.0133783
0             70      0.0123404
0             71      0.0114348
0             72      0.0105794
0             73     0.00983198
0             74     0.00914863
0             75     0.00851906
0             76     0.00796206
0             77     0.00742365
0             78     0.00692463
0             79     0.00648069
0             80     0.00608471
0             81     0.00571458
0             82     0.00536842
0             83     0.00505864
0             84     0.00476798
0             85     0.00450743
0             86     0.00426221
0             87     0.00403065
0             88     0.00382329
0             89     0.00362655
0             90     0.00345886
0             91      0.0581855
0             92      0.0692775
0             93      0.0829346
0             94      0.0999638
0             95       0.120789
0             96       0.148112
0             97       0.183212
0             98       0.230412
0             99       0.294396
0            100       0.380335
0            101       0.507224
0            102        0.70584
0            103         1.0016
0            104        1.45424
0            105        2.15991
0            106        3.23808
0            107        4.80764
0            108        7.03197
0            109         10.235
0            110        14.6463
0            111        20.3695
0            112        27.4035
0            113        35.8415
0            114        44.9549
0            115        54.7073
0            116        63.4178
0            117        70.5777
0            118        75.3556
0            119        76.9884
0            120        75.1963
0            121        70.2121
0            122        62.8708
0            123        54.2683
0            124        45.0787
0            125        35.9266
0            126        27.4296
0            127        20.4185
0            128        14.7988
0            129        10.3677
0            130        7.11426
0            131        4.82022
0            132        3.20952
0            133         2.1787
0            134         1.4904
0            135        1.03699
0            136       0.733847
0            137       0.528726
0            138       0.390983
0            139       0.297541
0            140        0.23239
0            141       0.183171
0            142       0.147311
0            143       0.120128
0            144      0.0989496
0            145      0.0824172
0            146      0.0689077
0            147      0.0577489
0            148      0.0489335
0            149      0.0417426
0            150      0.0357264
0            151      0.0306533
0            152      0.0264427
0            153      0.0229106
0            154      0.0198521
0            155      0.0172619
0            156      0.0150577
0            157      0.0131734
0            158      0.0115165
0            159      0.0101466
0            160     0.00891393
0            161     0.00786521
0            162     0.00695581
0            163     0.00616471
0            164     0.00547422
0            165     0.00487952
0            166     0.00435637
0            167      0.0038949
0            168     0.00349399
0            169     0.00314444
0            170     0.00284035
0            171     0.00256088
0            172     0.00232145
0            173     0.00210998
0            174     0.00191857
0            175      0.0017488
0            176     0.00159784
0            177     0.00146365
0            178     0.00134332
0            179     0.00123577
0            180     0.00114182
0            181     0.00105461
0            182      0.0382086
0            183      0.0477121
0            184      0.0598277
0            185      0.0750844
0            186      0.0946795
0            187       0.120152
0            188       0.153593
0            189       0.196912
0            190       0.254207
0            191       0.332249
0            192       0.438008
0            193       0.583125
0            194       0.785424
0            195        1.07596
0            196        1.49032
0            197        2.08493
0            198        2.93372
0            199        4.11775
0            200        5.77948
0            201         7.9768
0            202        10.8667
0            203        14.3976
0            204        18.5303
0            205        23.1985
0            206        27.9262
0            207        32.3698
0            208        36.0955
0            209         38.459
0            210        39.2632
0            211        38.3676
0            212        35.9383
0            213        32.2952
0            214        27.8734
0            215        23.1241
0            216        18.5399
0            217        14.3834
0            218        10.8365
0            219        7.96223
0            220        5.76978
0            221        4.12871
0            222        2.92508
0            223        2.07901
0            224        1.48932
0            225        1.07797
0            226       0.786267
0            227       0.581206
0            228       0.435146
0            229       0.329721
0            230       0.253339
0            231       0.196272
0            232        0.15301
0            233       0.119803
0            234      0.0944933
0            235      0.0749764
0            236      0.0596015
0            237      0.0476154
0            238       0.038205
0            239      0.0307695
0            240      0.0247867
0            241       0.020072
0            242      0.0162964
0            243      0.0132629
0            244      0.0108485
0            245     0.00886461
0            246     0.00729531
0            247     0.00599347
0            248     0.00495471
0            249     0.00410165
0            250     0.00339196
0            251     0.00282262
0            252      0.0023504
0            253     0.00195876
0            254     0.00163923
0            255     0.00137235
0            256     0.00115352
0            257    0.000970913
0            258    0.000819313
0            259    0.000693121
0            260    0.000588469
0            261    0.000501493
0            262    0.000428351
0            263    0.000366681
0            264    0.000314542
0            265    0.000271425
0            266    0.000235205
0            267    0.000203628
0            268    0.000177232
0            269    0.000155046
0            270    0.000135976
0            271    0.000119323
0            272    0.000105183
0            273     0.00856456
0            274      0.0116139
0            275      0.0157386
0            276      0.0213284
0            277       0.028942
0            278      0.0392647
0            279      0.0532353
0            280      0.0723357
0            281      0.0983714
0            282       0.133894
0            283       0.182725
0            284       0.250102
0            285       0.344387
0            286       0.475043
0            287       0.659184
0            288        0.91781
0            289        1.28107
0            290        1.78448
0            291        2.47137
0            292        3.39266
0            293         4.5795
0            294        6.05575
0            295        7.81082
0            296        9.74409
0            297        11.7645
0            298        13.6701
0            299        15.2358
0            300        16.2795
0            301        16.6412
0            302        16.2791
0            303        15.2416
0            304        13.6744
0            305        11.7764
0            306        9.76698
0            307        7.80766
0            308        6.06043
0            309         4.5821
0            310        3.39397
0            311        2.47322
0            312        1.78401
0            313        1.28173
0            314       0.918854
0            315       0.659452
0            316       0.475553
0            317       0.344518
0            318       0.250347
0            319       0.182543
0            320        0.13383
0            321      0.0982394
0            322      0.0721574
0            323      0.0531019
0            324      0.0391142
0            325      0.0288296
0            326      0.0212428
0            327      0.0156792
0            328      0.0115604
0            329     0.00853214
0            330     0.00628654
0            331     0.00464498
0            332     0.00342467
0            333     0.00253063
0            334     0.00186939
0            335      0.0013835
0            336     0.00102559
0            337     0.00075946
0            338    0.000564438
0            339    0.000419009
0            340    0.000311923
0            341    0.000233109
0            342    0.000173821
0            343    0.000130262
0            344    9.77037e-05
0            345    7.34267e-05
0            346    5.53488e-05
0            347    4.18118e-05
0            348    3.16466e-05
0            349    2.40147e-05
0            350    1.82994e-05
0            351    1.39915e-05
0            352    1.07137e-05
0            353    8.25305e-06
0            354    6.38944e-06
0            355    4.96436e-06
0            356    3.87646e-06
0            357    3.03792e-06
0            358    2.40145e-06
0            359    1.90513e-06
0            360    1.52048e-06
0            361    1.22232e-06
0            362    9.87274e-07
0            363     8.0393e-07
0            364    0.000173818
0            365    0.000220502
0            366    0.000279399
0            367     0.00035446
0            368    0.000448753
0            369     0.00056848
0            370     0.00072062
0            371    0.000913152
0            372     0.00115492
0            373     0.00146025
0            374     0.00184965
0            375     0.00233627
0            376     0.00295338
0            377     0.00373268
0            378     0.00470811
0            379     0.00594622
0            380     0.00748767
0            381     0.00943842
0            382      0.0118804
0            383      0.0149539
0            384      0.0187717
0            385      0.0235915
0            386      0.0296443
0            387      0.0371622
0            388      0.0465817
0            389      0.0583168
0            390      0.0729163
0            391      0.0910506
0            392       0.113535
0            393       0.141348
0            394       0.175882
0            395       0.218182
0            396       0.270063
0            397       0.333436
0            398       0.410474
0            399       0.503104
0            400       0.613701
0            401       0.746077
0            402       0.900954
0            403        1.08299
0            404        1.29186
0            405        1.52934
0            406         1.7992
0            407        2.09677
0            408        2.42179
0            409        2.77234
0            410        3.14213
0            411        3.52183
0            412        3.90545
0            413        4.28421
0            414        4.64245
0            415        4.97072
0            416        5.26154
0            417         5.4975
0            418        5.67569
0            419         5.7839
0            420        5.82095
0            421        5.78447
0            422        5.67527
0            423        5.49815
0            424        5.26045
0            425        4.97009
0            426        4.64033
0            427        4.28167
0            428        3.90503
0            429         3.5214
0            430        3.14077
0            431        2.77171
0            432        2.42267
0            433        2.09577
0            434        1.79734
0            435        1.53048
0            436        1.29126
0            437        1.08224
0            438       0.900604
0            439       0.745926
0            440       0.613305
0            441       0.502765
0            442       0.409793
0            443       0.332922
0            444       0.269889
0            445       0.217814
0            446       0.175645
0            447       0.141389
0            448       0.113467
0            449      0.0909334
0            450      0.0728286
0            451      0.0582957
0            452      0.0465377
0            453      0.0371706
0            454      0.0296262
0            455      0.0235872
0            456      0.0187993
0            457      0.0149414
0            458      0.0118811
0            459     0.00944091
0            460     0.00749604
0            461      0.0059439
0            462     0.00471491
0            463     0.00373485
0            464     0.00295687
0            465      0.0023406
0            466     0.00185075
0            467     0.00146114
0            468     0.00115638
0            469    0.000912036
0            470    0.000720801
0            471    0.000568919
0            472    0.000449118
0            473    0.000353931
0            474    0.000279493
0            475    0.000220383
0            476    0.000173837
0            477    0.000137094
0            478    0.000108149
0            479    8.53155e-05
0            480    6.73015e-05
0            481    5.30881e-05
0            482    4.18727e-05
0            483    3.30942e-05
0            484    2.60982e-05
0            485     2.0618e-05
0            486    1.62842e-05
0            487    1.28572e-05
0            488    1.01477e-05
0            489    8.02257e-06
0            490    6.35294e-06
0            491    5.01793e-06
0            492    3.97809e-06
0            493    3.14543e-06
0            494    2.49619e-06
0            495    1.97999e-06
0            496    1.56951e-06
0            497    1.24619e-06
0            498    9.91028e-07
0            499    7.87671e-07
0            500    6.27036e-07
0            501    5.00061e-07
0            502    3.99456e-07
0            503     3.1893e-07
0            504    2.55677e-07
0            505    2.04929e-07
0            506    1.64487e-07
0            507    1.32327e-07
0            508    1.06599e-07
0            509    8.60715e-08
0            510    6.96088e-08
0            511     5.6381e-08
0            512    4.57512e-08
0            513    3.71921e-08
0            514    3.02866e-08
0            515    2.46928e-08
0            516    2.01732e-08
0            517    1.65327e-08
0            518     1.3568e-08
0            519    1.11493e-08
0            520    9.17308e-09
0            521    7.55579e-09
0            522    6.24356e-09
0            523    5.15353e-09
0            524    4.26681e-09
0            525    3.54561e-09
0            526    2.94672e-09
0            527    2.45263e-09
0            528    2.04289e-09
0            529    1.70758e-09
0            530    1.42706e-09
0            531    1.19522e-09
0            532    1.00273e-09
0            533    8.42287e-10
0            534    7.09789e-10
0            535    5.97093e-10
0            536     5.0482e-10
0            537    4.27232e-10
0            538    3.61552e-10
0            539    3.06224e-10
0            540    2.60064e-10
0            541    2.21441e-10
0            542    1.88465e-10
0            543    1.60657e-10
0            544    1.37125e-10
0            545        156.846
0            546        136.176
0            547        76.5638
0            548        18.5634
0            549       0.557333
0            550      0.0109223
0            551    0.000849521
0            552    0.000103613
0            553    1.29844e-05
0            554        86.6758
0            555        61.0577
0            556        31.3626
0            557        6.88443
0            558       0.336254
0            559     0.00837211
0            560    0.000694546
0            561    8.73817e-05
0            562    1.11253e-05
0            563        19.5881
0            564        6.98731
0            565        2.63677
0            566        0.41993
0            567      0.0699095
0            568     0.00360245
0            569    0.000365956
0            570     5.0412e-05
0            571    6.79328e-06
0            572        4.65846
0            573       0.925302
0            574        0.26255
0            575      0.0301875
0            576     0.00722558
0            577    0.000953095
0            578    0.000130829
0            579     2.0685e-05
0            580    3.04718e-06
0            581        1.35031
0            582       0.236516
0            583      0.0632349
0            584      0.0072626
0            585     0.00076188
0            586    0.000182907
0            587    3.48633e-05
0            588     6.4978e-06
0            589    1.06634e-06
0            590       0.421541
0            591      0.0786557
0            592      0.0212827
0            593     0.00255996
0            594    0.000160626
0            595    3.14954e-05
0            596    7.69249e-06
0            597    1.69089e-06
0            598    3.10411e-07
