0              0    0.000180374
0              1    0.000217356
0              2    0.000266892
0              3    0.000326826
0              4    0.000403488
0              5    0.000497039
0              6    0.000610987
0              7    0.000757672
0              8    0.000937923
0              9     0.00117199
0             10     0.00146473
0             11     0.00182983
0             12      0.0023122
0             13     0.00295871
0             14     0.00379371
0             15     0.00483119
0             16     0.00625374
0             17     0.00813464
0             18      0.0106888
0             19      0.0143582
0             20      0.0192686
0             21      0.0263045
0             22      0.0361398
0             23      0.0514024
0             24      0.0715298
0             25       0.103095
0             26       0.145973
0             27       0.210865
0             28        0.30183
0             29       0.436991
0             30       0.629038
0             31       0.894696
0             32        1.28816
0             33         1.8344
0             34        2.57483
0             35        3.56459
0             36        4.87463
0             37         6.6986
0             38        9.07852
0             39         12.135
0             40        16.0063
0             41        20.8163
0             42        27.1204
0             43        34.3037
0             44        43.4172
0             45        53.5758
0             46        65.1731
0             47        79.1748
0             48        94.0425
0             49        111.012
0             50        128.317
0             51        146.103
0             52        164.337
0             53        181.999
0             54        198.975
0             55        213.938
0             56        226.634
0             57        236.981
0             58         244.35
0             59         247.86
0             60        247.579
0             61        243.744
0             62        236.246
0             63        225.993
0             64         212.66
0             65        197.789
0             66        180.331
0             67         163.15
0             68        143.973
0             69        126.351
0             70        108.912
0             71        92.9574
0             72        77.6622
0             73        64.4222
0             74        52.6729
0             75        42.4137
0             76        33.9596
0             77        26.5102
0             78        20.3782
0             79        15.5835
0             80        11.8647
0             81        8.91272
0             82        6.57151
0             83        4.82453
0             84        3.49559
0             85        2.52485
0             86        1.80281
0             87        1.26048
0             88       0.889526
0             89       0.615085
0             90       0.434028
0             91    5.89654e-07
0             92    8.61253e-07
0             93    1.24588e-06
0             94    1.82836e-06
0             95    2.69582e-06
0             96    3.97349e-06
0             97    5.88559e-06
0             98    8.73679e-06
0             99    1.29953e-05
0            100      1.921e-05
0            101    2.84616e-05
0            102     4.2766e-05
0            103    6.31669e-05
0            104    9.39861e-05
0            105    0.000140231
0            106    0.000209784
0            107    0.000312701
0            108    0.000464729
0            109    0.000692986
0            110     0.00103115
0            111     0.00153207
0            112     0.00227453
0            113     0.00339253
0            114     0.00498142
0            115     0.00744086
0            116      0.0110096
0            117      0.0163339
0            118      0.0243185
0            119      0.0363624
0            120      0.0540179
0            121      0.0806718
0            122       0.121138
0            123       0.180761
0            124       0.267896
0            125       0.397906
0            126       0.594008
0            127       0.877168
0            128        1.28222
0            129         1.8738
0            130        2.70394
0            131        3.84944
0            132        5.45945
0            133        7.54802
0            134        10.3807
0            135        14.0655
0            136        18.7182
0            137        24.5285
0            138        31.5291
0            139        39.8872
0            140        49.3772
0            141        60.2536
0            142        71.9741
0            143        84.4182
0            144        97.1715
0            145        109.417
0            146        120.925
0            147         131.31
0            148        139.391
0            149        145.243
0            150        148.415
0            151          148.6
0            152        145.835
0            153        140.367
0            154        132.286
0            155        122.265
0            156        110.858
0            157        98.6229
0            158        85.7691
0            159        73.6354
0            160        61.6159
0            161        50.7298
0            162        40.9789
0            163        32.4693
0            164        25.2273
0            165        19.3273
0            166        14.5267
0            167        10.7088
0            168        7.79978
0            169        5.62134
0            170        4.00328
0            171        2.78548
0            172        1.93358
0            173        1.33356
0            174       0.905902
0            175       0.612806
0            176        0.41337
0            177       0.276567
0            178       0.186059
0            179       0.124268
0            180      0.0832941
0            181        0.05563
0            182    5.08664e-12
0            183    1.01267e-11
0            184    2.03534e-11
0            185    4.04882e-11
0            186    8.04592e-11
0            187    1.61448e-10
0            188    3.26996e-10
0            189    6.48735e-10
0            190    1.28971e-09
0            191    2.58855e-09
0            192    5.15313e-09
0            193    1.01849e-08
0            194    2.00074e-08
0            195    3.93245e-08
0            196    7.73924e-08
0            197    1.51904e-07
0            198    2.97662e-07
0            199    5.80245e-07
0            200     1.1361e-06
0            201    2.20734e-06
0            202    4.30899e-06
0            203    8.35727e-06
0            204    1.60567e-05
0            205    3.11779e-05
0            206     5.9583e-05
0            207    0.000112753
0            208    0.000214928
0            209    0.000400876
0            210     0.00075352
0            211     0.00138778
0            212     0.00255301
0            213       0.004648
0            214     0.00837337
0            215      0.0150364
0            216      0.0264627
0            217      0.0460062
0            218      0.0789385
0            219       0.133552
0            220       0.220996
0            221       0.360453
0            222        0.57867
0            223       0.908586
0            224         1.3961
0            225        2.09819
0            226        3.10114
0            227        4.48535
0            228        6.34049
0            229        8.77081
0            230        11.8059
0            231        15.5313
0            232        19.9947
0            233        25.1795
0            234        30.8267
0            235        36.8304
0            236        43.0291
0            237        48.9782
0            238        54.3307
0            239        58.7451
0            240         61.929
0            241        63.6655
0            242        63.7798
0            243        62.2533
0            244         59.262
0            245         54.888
0            246        49.6698
0            247        43.6944
0            248        37.5823
0            249        31.5064
0            250        25.6718
0            251         20.496
0            252        15.9517
0            253        12.0844
0            254        8.97564
0            255        6.48363
0            256        4.59745
0            257        3.17983
0            258         2.1533
0            259        1.42819
0            260       0.927092
0            261       0.592447
0            262       0.370899
0            263       0.227424
0            264       0.136547
0            265      0.0811445
0            266      0.0474301
0            267      0.0270584
0            268      0.0153129
0            269     0.00860754
0            270     0.00479336
0            271     0.00262473
0            272     0.00143043
0            273    1.24512e-21
0            274    6.28082e-21
0            275    3.18389e-20
0            276    1.59508e-19
0            277    7.94728e-19
0            278     3.8845e-18
0            279    1.83894e-17
0            280    8.60327e-17
0            281    3.88906e-16
0            282    1.70253e-15
0            283    7.20176e-15
0            284    2.95315e-14
0            285    1.18247e-13
0            286     4.5242e-13
0            287    1.67724e-12
0            288    6.02065e-12
0            289    2.08838e-11
0            290    6.97845e-11
0            291    2.25108e-10
0            292    7.04918e-10
0            293    2.12763e-09
0            294     6.1968e-09
0            295    1.75555e-08
0            296    4.74084e-08
0            297    1.24691e-07
0            298    3.16802e-07
0            299    7.74282e-07
0            300    1.84376e-06
0            301    4.24765e-06
0            302    9.58204e-06
0            303    2.13246e-05
0            304    4.69437e-05
0            305    0.000103369
0            306    0.000226381
0            307    0.000497943
0            308     0.00108049
0            309     0.00230867
0            310     0.00479898
0            311     0.00970387
0            312      0.0189535
0            313      0.0357835
0            314      0.0654261
0            315       0.116114
0            316       0.199556
0            317       0.332255
0            318       0.538621
0            319       0.845556
0            320         1.2839
0            321        1.88843
0            322        2.69308
0            323        3.71597
0            324        4.95877
0            325        6.41615
0            326        8.03568
0            327        9.74338
0            328        11.4437
0            329        13.0216
0            330         14.361
0            331        15.3259
0            332        15.8334
0            333        15.8436
0            334        15.3448
0            335        14.3933
0            336        13.0785
0            337        11.4987
0            338        9.80116
0            339        8.07936
0            340         6.4496
0            341        4.99566
0            342        3.73435
0            343        2.70773
0            344        1.90206
0            345        1.29329
0            346       0.854275
0            347       0.547256
0            348       0.339878
0            349       0.205078
0            350       0.120094
0            351      0.0684333
0            352      0.0376536
0            353      0.0201745
0            354      0.0104787
0            355     0.00528191
0            356     0.00257806
0            357     0.00122076
0            358     0.00056359
0            359    0.000252474
0            360    0.000109973
0            361    4.67985e-05
0            362    1.93731e-05
0            363    7.75106e-06
0            364    7.01313e-43
0            365      3.425e-42
0            366    1.66771e-41
0            367    8.15802e-41
0            368    3.91971e-40
0            369    1.89321e-39
0            370    9.18578e-39
0            371    4.41646e-38
0            372    2.08344e-37
0            373    9.73575e-37
0            374    4.62271e-36
0            375    2.12597e-35
0            376    9.80329e-35
0            377    4.47273e-34
0            378    2.01213e-33
0            379    9.02623e-33
0            380    3.94443e-32
0            381    1.72665e-31
0            382    7.42146e-31
0            383    3.15399e-30
0            384    1.30783e-29
0            385    5.42796e-29
0            386    2.23983e-28
0            387    8.97129e-28
0            388    3.57349e-27
0            389    1.39884e-26
0            390    5.38232e-26
0            391      2.036e-25
0            392    7.57329e-25
0            393    2.79003e-24
0            394    1.01555e-23
0            395    3.62247e-23
0            396    1.27215e-22
0            397    4.40023e-22
0            398    1.49982e-21
0            399    5.02524e-21
0            400    1.65757e-20
0            401    5.42325e-20
0            402     1.7491e-19
0            403    5.62996e-19
0            404     1.8065e-18
0            405    5.81599e-18
0            406    1.94968e-17
0            407    6.79628e-17
0            408    2.53489e-16
0            409    1.02016e-15
0            410    4.35823e-15
0            411    1.90473e-14
0            412    8.38942e-14
0            413    3.65988e-13
0            414    1.53239e-12
0            415    6.14693e-12
0            416    2.39053e-11
0            417    8.71519e-11
0            418    3.06009e-10
0            419    1.00481e-09
0            420    3.13952e-09
0            421    9.32013e-09
0            422    2.60589e-08
0            423    6.86274e-08
0            424    1.70268e-07
0            425    4.00564e-07
0            426    8.82744e-07
0            427    1.84399e-06
0            428    3.63705e-06
0            429    6.78427e-06
0            430    1.19953e-05
0            431    2.01678e-05
0            432    3.23775e-05
0            433    4.99418e-05
0            434    7.45244e-05
0            435    0.000108211
0            436    0.000155139
0            437    0.000220212
0            438    0.000312209
0            439    0.000442314
0            440    0.000629637
0            441    0.000892162
0            442     0.00126488
0            443     0.00178148
0            444      0.0024892
0            445     0.00345645
0            446      0.0047604
0            447     0.00650575
0            448     0.00884942
0            449      0.0119634
0            450      0.0160897
0            451      0.0215372
0            452      0.0287413
0            453      0.0380639
0            454      0.0502207
0            455      0.0657892
0            456      0.0853811
0            457       0.110038
0            458       0.140233
0            459       0.177065
0            460       0.221469
0            461       0.274252
0            462       0.335827
0            463       0.407329
0            464       0.490054
0            465       0.583149
0            466       0.688078
0            467       0.804498
0            468       0.930861
0            469        1.06821
0            470        1.21262
0            471        1.36479
0            472        1.52093
0            473        1.67925
0            474          1.835
0            475         1.9877
0            476        2.13325
0            477        2.26622
0            478         2.3857
0            479        2.48779
0            480        2.57008
0            481        2.63056
0            482        2.66767
0            483        2.68163
0            484        2.67008
0            485        2.63413
0            486        2.57399
0            487        2.49102
0            488        2.38726
0            489        2.26655
0            490        2.13211
0            491        1.98473
0            492        1.83174
0            493        1.67269
0            494        1.51466
0            495        1.35842
0            496        1.20599
0            497        1.06138
0            498       0.925773
0            499       0.799465
0            500       0.684147
0            501       0.580501
0            502       0.488112
0            503       0.406215
0            504       0.335611
0            505        0.27462
0            506       0.222377
0            507        0.17863
0            508        0.14184
0            509       0.111613
0            510      0.0867809
0            511      0.0666091
0            512      0.0505049
0            513      0.0378164
0            514      0.0279591
0            515      0.0203759
0            516      0.0146905
0            517      0.0104588
0            518     0.00735626
0            519     0.00511329
0            520     0.00351431
0            521      0.0023904
0            522     0.00161398
0            523      0.0010801
0            524    0.000720026
0            525    0.000479852
0            526    0.000317473
0            527    0.000209171
0            528    0.000136358
0            529     8.7883e-05
0            530    5.52865e-05
0            531    3.40932e-05
0            532    2.03573e-05
0            533    1.17981e-05
0            534    6.63807e-06
0            535    3.59933e-06
0            536    1.89778e-06
0            537    9.71518e-07
0            538    4.81339e-07
0            539    2.32329e-07
0            540    1.09626e-07
0            541    5.06571e-08
0            542    2.27903e-08
0            543    1.01048e-08
0            544    4.37211e-09
0            545      0.0843535
0            546      0.0566998
0            547      0.0295796
0            548     0.00617668
0            549    0.000692911
0            550    0.000100514
0            551    1.85144e-05
0            552    5.71752e-06
0            553    6.49211e-07
0            554        1.28228
0            555       0.868257
0            556       0.489833
0            557        0.15566
0            558      0.0322012
0            559     0.00513339
0            560     0.00101899
0            561    0.000245471
0            562     4.0146e-05
0            563        13.7424
0            564        10.0798
0            565        6.42969
0            566        2.64466
0            567       0.650851
0            568       0.103722
0            569      0.0209252
0            570     0.00479784
0            571    0.000876873
0            572        81.8228
0            573        64.7099
0            574        44.4393
0            575        20.0954
0            576        5.15395
0            577       0.814995
0            578       0.163287
0            579      0.0381702
0            580     0.00681255
0            581        217.357
0            582        178.546
0            583        126.128
0            584        58.6889
0            585        15.1652
0            586        2.37778
0            587       0.475197
0            588       0.112543
0            589      0.0192761
0            590        234.314
0            591        192.909
0            592        136.501
0            593        63.6082
0            594        16.4215
0            595        2.56713
0            596       0.514059
0            597       0.123224
0            598      0.0205266
