0              0    4.01094e-95
0              1    6.11057e-94
0              2    1.45369e-92
0              3    3.97489e-91
0              4    1.24724e-89
0              5     4.4445e-88
0              6    1.51601e-86
0              7    6.76907e-85
0              8    2.85208e-83
0              9    1.55685e-81
0             10    9.56396e-80
0             11    5.53818e-78
0             12    4.16669e-76
0             13    4.12296e-74
0             14    4.00445e-72
0             15    3.49094e-70
0             16     4.5015e-68
0             17    6.10215e-66
0             18    1.09651e-63
0             19    2.78643e-61
0             20    5.94518e-59
0             21    1.23967e-56
0             22    2.80512e-54
0             23    8.62687e-52
0             24    1.48967e-49
0             25    4.21041e-47
0             26    7.28004e-45
0             27    1.52569e-42
0             28    2.60242e-40
0             29    5.03917e-38
0             30    8.55998e-36
0             31    1.24812e-33
0             32    2.27868e-31
0             33    3.83316e-29
0             34    5.68064e-27
0             35    7.23932e-25
0             36     7.7486e-23
0             37    8.89519e-21
0             38    8.08691e-19
0             39    5.76342e-17
0             40    3.24643e-15
0             41       1.43e-13
0             42    6.14541e-12
0             43    1.65696e-10
0             44     4.2394e-09
0             45    7.16953e-08
0             46    9.38501e-07
0             47    1.11287e-05
0             48    9.15109e-05
0             49    0.000650229
0             50     0.00341004
0             51       0.014813
0             52      0.0570582
0             53       0.195604
0             54       0.622242
0             55        1.74409
0             56         4.4478
0             57        10.5271
0             58        22.9173
0             59        44.5573
0             60         75.489
0             61        117.024
0             62        163.129
0             63        205.407
0             64        236.005
0             65        245.498
0             66        231.678
0             67        201.032
0             68        156.129
0             69        113.187
0             70        74.4981
0             71         45.981
0             72         25.686
0             73         13.609
0             74        6.65913
0             75         3.0219
0             76        1.31407
0             77       0.512339
0             78       0.188438
0             79      0.0681295
0             80      0.0243734
0             81     0.00840908
0             82      0.0026587
0             83    0.000798649
0             84    0.000219829
0             85    5.57666e-05
0             86    1.27201e-05
0             87    2.40067e-06
0             88    4.42559e-07
0             89    6.62995e-08
0             90    9.92666e-09
0             91   9.75513e-152
0             92   1.83703e-149
0             93   3.14189e-147
0             94   8.85045e-145
0             95   3.60866e-142
0             96   1.49959e-139
0             97   8.95787e-137
0             98   6.41128e-134
0             99   5.45776e-131
0            100   4.90147e-128
0            101   5.20147e-125
0            102   8.70667e-122
0            103   1.13779e-118
0            104   2.09491e-115
0            105   4.46286e-112
0            106   1.09117e-108
0            107   2.77192e-105
0            108   7.31275e-102
0            109    2.17984e-98
0            110    6.68379e-95
0            111    2.09907e-91
0            112    6.71208e-88
0            113    2.34264e-84
0            114    5.90558e-81
0            115    2.04496e-77
0            116    5.45769e-74
0            117    1.42229e-70
0            118    3.57787e-67
0            119    8.58676e-64
0            120    1.56992e-60
0            121    2.70881e-57
0            122    4.36316e-54
0            123    5.35033e-51
0            124    5.06926e-48
0            125    4.36104e-45
0            126    4.19386e-42
0            127    4.34738e-39
0            128    6.34015e-36
0            129    1.29572e-32
0            130    2.14295e-29
0            131    2.44704e-26
0            132    2.20053e-23
0            133    1.03887e-20
0            134    3.69258e-18
0            135    8.25991e-16
0            136    1.16568e-13
0            137    1.06347e-11
0            138    6.32211e-10
0            139    2.58172e-08
0            140    6.91549e-07
0            141    1.44203e-05
0            142    0.000200463
0            143     0.00195023
0            144      0.0133253
0            145      0.0642156
0            146       0.245978
0            147       0.805804
0            148        2.22105
0            149        5.41092
0            150        11.7559
0            151        22.6433
0            152        38.2795
0            153        57.4148
0            154        77.1102
0            155        91.7081
0            156         96.489
0            157        90.0438
0            158        74.4854
0            159         55.779
0            160        37.0053
0            161        22.2183
0            162        11.9994
0            163        5.82725
0            164        2.53723
0            165         1.0052
0            166       0.352176
0            167       0.107554
0            168      0.0292149
0            169     0.00708988
0            170     0.00153107
0            171    0.000282321
0            172    4.87035e-05
0            173    7.58805e-06
0            174    9.90014e-07
0            175    1.11179e-07
0            176    1.06693e-08
0            177    8.55568e-10
0            178    6.08192e-11
0            179    3.66544e-12
0            180    2.03128e-13
0            181    9.23513e-15
0            182   1.30937e-266
0            183   5.40889e-263
0            184   3.76986e-259
0            185   3.15041e-255
0            186   3.53262e-251
0            187   6.67397e-247
0            188   2.14054e-242
0            189   7.09473e-238
0            190    5.1136e-233
0            191   1.37796e-227
0            192   7.48449e-222
0            193   5.60204e-216
0            194   5.20493e-210
0            195   6.38683e-204
0            196   1.14915e-197
0            197   2.44037e-191
0            198   6.04442e-185
0            199   1.60471e-178
0            200    5.2044e-172
0            201   1.65433e-165
0            202    6.2089e-159
0            203    2.2428e-152
0            204   6.76588e-146
0            205   2.79661e-139
0            206   8.68229e-133
0            207   2.38467e-126
0            208   9.97825e-120
0            209    3.3449e-113
0            210   1.72373e-106
0            211   5.70203e-100
0            212    1.80486e-93
0            213    4.20332e-87
0            214    7.19776e-81
0            215    1.07961e-74
0            216    9.21308e-69
0            217    5.54869e-63
0            218     3.2083e-57
0            219    2.80706e-51
0            220    1.64942e-45
0            221    4.91643e-40
0            222    6.00147e-35
0            223    2.65593e-30
0            224    4.30291e-26
0            225    2.45475e-22
0            226    5.49919e-19
0            227    4.43554e-16
0            228    1.23041e-13
0            229    1.23667e-11
0            230    4.35221e-10
0            231    9.50902e-09
0            232    3.74851e-07
0            233    1.23543e-05
0            234    0.000188171
0            235     0.00139852
0            236      0.0066629
0            237      0.0303312
0            238       0.128936
0            239       0.427434
0            240        1.18668
0            241        2.85578
0            242        6.01718
0            243        11.1068
0            244        17.8426
0            245        25.1133
0            246        30.6259
0            247        32.6017
0            248        30.3322
0            249         24.657
0            250        17.4552
0            251         10.995
0            252        6.09667
0            253        2.91285
0            254        1.23066
0            255       0.456483
0            256       0.154937
0            257      0.0462573
0            258      0.0131064
0            259     0.00464956
0            260     0.00204894
0            261    0.000755444
0            262    0.000188076
0            263    3.02957e-05
0            264    3.15639e-06
0            265     2.2542e-07
0            266    1.08186e-08
0            267    3.42797e-10
0            268    7.75725e-12
0            269    1.26827e-13
0            270     1.4943e-15
0            271    1.18803e-17
0            272    6.84699e-20
0            273              0
0            274              0
0            275              0
0            276              0
0            277              0
0            278              0
0            279              0
0            280              0
0            281              0
0            282              0
0            283              0
0            284              0
0            285              0
0            286              0
0            287              0
0            288              0
0            289              0
0            290   4.42053e-302
0            291   7.35621e-291
0            292   2.09601e-279
0            293   6.44899e-268
0            294   4.26777e-256
0            295   5.68119e-243
0            296   6.36733e-230
0            297   6.62388e-217
0            298   5.15447e-204
0            299   2.01525e-191
0            300   5.78877e-179
0            301   7.58352e-167
0            302   5.49024e-155
0            303   2.11529e-143
0            304   3.44744e-132
0            305   2.70494e-121
0            306   7.15212e-111
0            307   8.83992e-101
0            308    3.45932e-91
0            309    4.96403e-82
0            310    2.26082e-73
0            311    3.60753e-65
0            312    1.76248e-57
0            313    2.50133e-50
0            314    1.05911e-43
0            315    1.29036e-37
0            316     4.0789e-32
0            317    3.42758e-27
0            318    8.07382e-23
0            319    6.29231e-19
0            320    2.82027e-15
0            321    4.98246e-12
0            322    1.68938e-09
0            323    9.10924e-08
0            324    8.02086e-07
0            325     3.4473e-06
0            326    8.17901e-05
0            327     0.00103014
0            328     0.00512479
0            329      0.0213337
0            330      0.0859283
0            331       0.267546
0            332       0.699583
0            333        1.60699
0            334        3.11931
0            335          5.162
0            336        7.41795
0            337        9.21661
0            338        9.87354
0            339        9.22001
0            340        7.43479
0            341        5.18474
0            342        3.12436
0            343        1.63321
0            344       0.741065
0            345       0.288246
0            346      0.0981458
0            347      0.0290003
0            348     0.00718765
0            349     0.00140147
0            350    0.000181497
0            351    1.58791e-05
0            352    1.30215e-06
0            353    1.14577e-07
0            354    6.74437e-09
0            355    2.07134e-10
0            356    3.18427e-12
0            357    2.43907e-14
0            358    1.00342e-16
0            359    2.10638e-19
0            360    2.34642e-22
0            361    1.46604e-25
0            362    5.01562e-29
0            363    9.57628e-33
0            364              0
0            365              0
0            366              0
0            367              0
0            368              0
0            369              0
0            370              0
0            371              0
0            372              0
0            373              0
0            374              0
0            375              0
0            376              0
0            377              0
0            378              0
0            379              0
0            380              0
0            381              0
0            382              0
0            383              0
0            384              0
0            385              0
0            386              0
0            387              0
0            388              0
0            389              0
0            390              0
0            391              0
0            392              0
0            393              0
0            394              0
0            395              0
0            396              0
0            397              0
0            398              0
0            399              0
0            400              0
0            401              0
0            402              0
0            403              0
0            404              0
0            405              0
0            406              0
0            407              0
0            408              0
0            409              0
0            410              0
0            411              0
0            412              0
0            413              0
0            414              0
0            415              0
0            416              0
0            417              0
0            418              0
0            419              0
0            420   1.69948e-299
0            421   7.59902e-290
0            422   2.57989e-280
0            423   6.63148e-271
0            424   1.28663e-261
0            425   2.20279e-252
0            426   2.40369e-243
0            427   2.23588e-234
0            428   1.56043e-225
0            429   3.60126e-216
0            430   2.28887e-205
0            431    1.0505e-194
0            432   2.75422e-184
0            433   3.95324e-174
0            434    3.1806e-164
0            435   1.19872e-154
0            436    2.9184e-145
0            437    3.2344e-136
0            438   1.91527e-127
0            439   5.28231e-119
0            440   8.87299e-111
0            441   5.84408e-103
0            442    2.34181e-95
0            443     4.2085e-88
0            444     3.4979e-81
0            445    1.43102e-74
0            446    2.77221e-68
0            447     2.4163e-62
0            448    1.04311e-56
0            449    2.01068e-51
0            450    1.78541e-46
0            451    7.31983e-42
0            452    1.44342e-37
0            453    1.18662e-33
0            454    4.78055e-30
0            455    8.55475e-27
0            456    6.70188e-24
0            457     2.4502e-21
0            458    3.84906e-19
0            459    2.79247e-17
0            460    9.38417e-16
0            461    1.58861e-14
0            462    4.18677e-13
0            463    2.74169e-11
0            464    1.12337e-09
0            465    2.28115e-08
0            466    2.31343e-07
0            467    1.17812e-06
0            468    3.19964e-06
0            469    7.67007e-06
0            470    3.10534e-05
0            471    0.000122523
0            472     0.00031549
0            473    0.000561288
0            474    0.000904351
0            475     0.00186567
0            476     0.00434305
0            477     0.00954993
0            478      0.0198682
0            479      0.0380062
0            480      0.0662365
0            481       0.107923
0            482       0.171236
0            483       0.270521
0            484       0.416237
0            485       0.606698
0            486       0.841634
0            487         1.1214
0            488        1.44457
0            489        1.79232
0            490        2.12947
0            491         2.4263
0            492        2.65707
0            493        2.80741
0            494        2.85704
0            495        2.79676
0            496        2.63818
0            497        2.40495
0            498        2.11657
0            499        1.78951
0            500         1.4496
0            501        1.12826
0            502       0.846477
0            503        0.61002
0            504         0.4227
0            505       0.281108
0            506       0.179674
0            507       0.111381
0            508      0.0667482
0            509      0.0392124
0            510      0.0224788
0            511      0.0125102
0            512      0.0067512
0            513     0.00356209
0            514       0.001835
0            515    0.000895416
0            516    0.000419616
0            517    0.000186672
0            518    7.18032e-05
0            519    2.24693e-05
0            520     6.3733e-06
0            521    2.02784e-06
0            522    7.87981e-07
0            523    3.24948e-07
0            524    1.12712e-07
0            525    2.86731e-08
0            526    4.97714e-09
0            527    5.97374e-10
0            528    4.88424e-11
0            529    2.79029e-12
0            530    1.06829e-13
0            531    2.94705e-15
0            532    5.48279e-17
0            533    7.23059e-19
0            534    6.85611e-21
0            535    4.45943e-23
0            536    2.12093e-25
0            537    7.28078e-28
0            538     1.7337e-30
0            539    2.98592e-33
0            540    3.77524e-36
0            541    3.51588e-39
0            542     2.2642e-42
0            543    1.12014e-45
0            544    3.87122e-49
0            545    3.08608e-68
0            546    3.63314e-67
0            547    1.60971e-65
0            548    8.20326e-66
0            549    3.26427e-64
0            550    2.66167e-63
0            551    1.33769e-60
0            552    4.96887e-69
0            553    8.91404e-70
0            554    1.93325e-39
0            555    8.80713e-40
0            556    1.52302e-43
0            557    1.74499e-43
0            558    4.02963e-40
0            559    1.49684e-39
0            560    8.35413e-41
0            561    1.08751e-46
0            562    3.66988e-48
0            563    5.28707e-19
0            564    2.40159e-19
0            565    5.05561e-22
0            566    4.58715e-21
0            567    3.00288e-19
0            568     4.9018e-19
0            569    9.28089e-24
0            570    4.54288e-25
0            571    1.96771e-27
0            572     4.2894e-07
0            573    2.46335e-07
0            574    1.38137e-07
0            575       1.63e-07
0            576    4.00012e-07
0            577     2.0386e-07
0            578    3.69644e-09
0            579    2.67223e-10
0            580     6.0715e-13
0            581       0.526002
0            582       0.494787
0            583       0.444332
0            584       0.350076
0            585       0.182944
0            586      0.0399976
0            587     0.00627492
0            588     0.00061277
0            589    2.69387e-05
0            590        79.9852
0            591        75.1176
0            592        67.7505
0            593        51.9002
0            594        25.2464
0            595        5.88064
0            596       0.908512
0            597      0.0999384
0            598     0.00227594
