0              0    8.88445e-48
0              1    1.90213e-45
0              2     5.9622e-43
0              3    1.48693e-40
0              4    3.90554e-38
0              5    8.28023e-36
0              6    1.40041e-33
0              7    2.49461e-31
0              8    3.50966e-29
0              9    5.08321e-27
0             10    6.10131e-25
0             11    5.75964e-23
0             12    5.42446e-21
0             13    4.94639e-19
0             14    3.40862e-17
0             15    1.54763e-15
0             16    6.57594e-14
0             17    2.10985e-12
0             18    5.42314e-11
0             19    1.21569e-09
0             20    1.83255e-08
0             21    2.24631e-07
0             22    2.00084e-06
0             23    1.63071e-05
0             24    9.44445e-05
0             25    0.000533123
0             26     0.00245895
0             27      0.0099004
0             28      0.0294889
0             29       0.071439
0             30       0.164666
0             31       0.411908
0             32        1.14309
0             33        2.94953
0             34        6.74722
0             35        13.9337
0             36        26.6653
0             37        48.6181
0             38        81.6884
0             39        127.406
0             40        184.478
0             41        249.375
0             42        319.842
0             43        378.898
0             44        423.636
0             45        441.709
0             46        430.143
0             47        385.427
0             48        320.138
0             49        242.201
0             50        174.105
0             51         118.08
0             52        75.4629
0             53        45.7819
0             54        26.2608
0             55        14.4308
0             56        7.27484
0             57        3.29854
0             58        1.32543
0             59       0.470099
0             60       0.157193
0             61      0.0465157
0             62      0.0122812
0             63     0.00282065
0             64    0.000491083
0             65    7.22939e-05
0             66    7.04019e-06
0             67    6.16111e-07
0             68    3.10131e-08
0             69    1.39284e-09
0             70    4.60873e-11
0             71    1.18925e-12
0             72    1.98996e-14
0             73    3.09668e-16
0             74    4.10329e-18
0             75    4.46303e-20
0             76     6.0182e-22
0             77    8.18001e-24
0             78    1.35297e-25
0             79    2.23699e-27
0             80    3.23612e-29
0             81    3.91256e-31
0             82    3.04732e-33
0             83    2.01243e-35
0             84    1.09818e-37
0             85    5.16667e-40
0             86      2.024e-42
0             87    4.96269e-45
0             88    1.40859e-47
0             89    2.47468e-50
0             90    5.44046e-53
0             91    2.05304e-85
0             92    1.29277e-80
0             93    5.97744e-76
0             94    3.12286e-71
0             95    1.36551e-66
0             96    5.03684e-62
0             97    1.49654e-57
0             98    3.56512e-53
0             99    6.68113e-49
0            100    7.84407e-45
0            101    7.12528e-41
0            102    6.04293e-37
0            103    2.55551e-33
0            104    8.21584e-30
0            105    1.89448e-26
0            106    3.03424e-23
0            107    2.88425e-20
0            108    1.62501e-17
0            109    5.95115e-15
0            110    1.24061e-12
0            111    1.44945e-10
0            112     9.2947e-09
0            113    3.35055e-07
0            114     5.5404e-06
0            115    5.15771e-05
0            116    0.000224924
0            117    0.000497381
0            118    0.000819211
0            119     0.00312668
0            120       0.014692
0            121      0.0464099
0            122       0.116243
0            123       0.315949
0            124       0.823366
0            125        1.90865
0            126        4.17919
0            127        8.34164
0            128        15.3246
0            129        26.7716
0            130        43.6716
0            131         65.693
0            132        92.4893
0            133        120.175
0            134        145.618
0            135        162.576
0            136        167.137
0            137        160.123
0            138        143.577
0            139        120.397
0            140        94.1948
0            141        67.1989
0            142        44.6517
0            143        27.4529
0            144         15.641
0            145        8.48508
0            146        4.33713
0            147        1.98909
0            148       0.794819
0            149       0.281981
0            150      0.0990475
0            151      0.0378015
0            152      0.0150956
0            153     0.00464813
0            154    0.000957928
0            155     0.00015058
0            156    1.64353e-05
0            157    1.01037e-06
0            158    2.80894e-08
0            159    4.54084e-10
0            160    3.07546e-12
0            161    1.11721e-14
0            162    2.14205e-17
0            163    2.23299e-20
0            164     1.3098e-23
0            165    5.12301e-27
0            166     1.2974e-30
0            167    2.30747e-34
0            168     3.7649e-38
0            169    6.45911e-42
0            170    1.19336e-45
0            171     1.5521e-49
0            172    2.15605e-53
0            173    2.58404e-57
0            174     2.0542e-61
0            175    1.35427e-65
0            176    7.45371e-70
0            177    3.10187e-74
0            178    1.22013e-78
0            179    3.66557e-83
0            180    1.12028e-87
0            181    2.49051e-92
0            182   4.64069e-118
0            183   9.69551e-110
0            184   1.36812e-101
0            185    8.72771e-94
0            186    3.24299e-86
0            187    7.96088e-79
0            188    1.24912e-71
0            189    7.60077e-65
0            190    2.35668e-58
0            191    4.33351e-52
0            192    3.38407e-46
0            193    1.10897e-40
0            194    1.50015e-35
0            195    9.30989e-31
0            196    2.13705e-26
0            197    1.83476e-22
0            198    5.68039e-19
0            199    5.59138e-16
0            200    2.00113e-13
0            201    1.97642e-11
0            202    6.38526e-10
0            203     5.3696e-09
0            204    1.30041e-08
0            205    8.47889e-09
0            206    3.18316e-08
0            207    6.41667e-07
0            208    4.71442e-06
0            209    2.60909e-05
0            210    0.000382183
0            211     0.00375949
0            212      0.0150286
0            213      0.0279185
0            214       0.064387
0            215       0.195569
0            216       0.483773
0            217        1.12247
0            218        2.41279
0            219        4.66137
0            220        8.22539
0            221        13.4923
0            222        20.5223
0            223        29.2857
0            224        38.8772
0            225        47.3576
0            226        53.5142
0            227        55.9762
0            228        53.6894
0            229        47.5523
0            230        39.1377
0            231        29.8005
0            232        20.9407
0            233         13.459
0            234        8.15123
0            235        4.44798
0            236        2.22292
0            237        1.10686
0            238       0.516409
0            239       0.210782
0            240      0.0782612
0            241      0.0252527
0            242      0.0065996
0            243     0.00131759
0            244    0.000129267
0            245    9.84908e-06
0            246    2.68753e-06
0            247    9.55674e-07
0            248    2.00925e-07
0            249    1.42335e-08
0            250    2.77539e-10
0            251    1.80365e-12
0            252    3.85121e-15
0            253    2.50168e-18
0            254    6.55881e-22
0            255    5.52227e-26
0            256    2.06974e-30
0            257    2.90851e-35
0            258    1.76333e-40
0            259    4.77093e-46
0            260    5.93652e-52
0            261    4.07877e-58
0            262    1.37033e-64
0            263    2.28582e-71
0            264    1.91416e-78
0            265    1.19704e-85
0            266    4.74337e-93
0            267   8.13617e-101
0            268   1.11709e-108
0            269   1.26585e-116
0            270   9.88109e-125
0            271   4.10313e-133
0            272   1.43529e-141
0            273   1.33394e-241
0            274    4.4118e-225
0            275   4.74101e-209
0            276    1.7616e-193
0            277   2.43518e-178
0            278   9.65208e-164
0            279   9.88865e-150
0            280   3.04455e-136
0            281   2.29062e-123
0            282   3.64601e-111
0            283     1.3295e-99
0            284    9.51527e-89
0            285    1.48346e-78
0            286     3.3072e-69
0            287    1.35871e-60
0            288     7.5323e-53
0            289    5.86711e-46
0            290    5.36582e-40
0            291    5.70638e-35
0            292     5.7263e-30
0            293    8.92716e-25
0            294    1.44814e-20
0            295    1.71771e-17
0            296    1.44677e-15
0            297    1.90403e-12
0            298    7.54349e-09
0            299    1.54584e-06
0            300    1.62185e-05
0            301    1.37039e-05
0            302    0.000320352
0            303     0.00393139
0            304      0.0106992
0            305      0.0232564
0            306      0.0447881
0            307       0.128176
0            308       0.303681
0            309       0.669363
0            310        1.37009
0            311        2.32237
0            312        3.92919
0            313        6.18884
0            314        8.79075
0            315        11.5114
0            316        14.0782
0            317        15.8196
0            318        16.3406
0            319        15.9902
0            320        14.1349
0            321        11.5406
0            322        8.68917
0            323        6.12504
0            324        3.90241
0            325        2.36058
0            326        1.35765
0            327       0.695384
0            328       0.302633
0            329       0.134211
0            330      0.0509188
0            331      0.0167974
0            332     0.00674188
0            333      0.0027321
0            334    0.000917158
0            335    7.92898e-05
0            336     4.4104e-05
0            337    2.41985e-05
0            338    1.25135e-05
0            339    1.29967e-06
0            340    9.40844e-09
0            341    5.32651e-12
0            342    2.18575e-16
0            343    8.65472e-22
0            344    3.34115e-28
0            345     1.3654e-35
0            346    7.29328e-44
0            347    5.77816e-53
0            348    7.62922e-62
0            349    1.70513e-70
0            350    7.97089e-80
0            351     9.4751e-90
0            352    2.2283e-100
0            353   1.60245e-111
0            354   3.17204e-123
0            355   1.93629e-135
0            356   3.47768e-148
0            357   2.03984e-161
0            358   5.04966e-175
0            359    4.2912e-189
0            360   1.42346e-203
0            361   2.35249e-218
0            362   1.75017e-233
0            363   5.89004e-249
0            364              0
0            365              0
0            366              0
0            367              0
0            368              0
0            369              0
0            370              0
0            371              0
0            372              0
0            373              0
0            374              0
0            375   6.24348e-300
0            376   3.17956e-287
0            377   9.59697e-275
0            378   1.23534e-262
0            379   1.12281e-250
0            380   4.08335e-239
0            381   9.02982e-228
0            382    9.4995e-217
0            383   5.60762e-206
0            384   1.31713e-195
0            385   1.78151e-185
0            386   1.15592e-175
0            387   3.29397e-166
0            388   4.41079e-157
0            389    2.6459e-148
0            390   7.04406e-140
0            391   8.23826e-132
0            392   4.18617e-124
0            393   8.14914e-117
0            394   7.60241e-110
0            395   2.60881e-103
0            396     3.6845e-97
0            397    2.10834e-91
0            398     4.8108e-86
0            399    9.39284e-81
0            400    4.10824e-73
0            401    1.34982e-65
0            402    1.63767e-58
0            403    8.31887e-52
0            404    1.51571e-45
0            405      9.512e-40
0            406    2.46849e-34
0            407    2.05255e-29
0            408    5.94255e-25
0            409    5.95411e-21
0            410    1.96999e-17
0            411    1.98725e-14
0            412    6.40373e-12
0            413    6.41301e-10
0            414    1.87909e-08
0            415    1.60686e-07
0            416    4.75343e-07
0            417     1.6777e-06
0            418    7.49185e-06
0            419     1.4343e-05
0            420    3.51147e-05
0            421    5.91531e-05
0            422    6.27717e-05
0            423     0.00022306
0            424    0.000518415
0            425    0.000800361
0            426     0.00121986
0            427     0.00179161
0            428     0.00351613
0            429     0.00652066
0            430      0.0106472
0            431        0.01861
0            432      0.0342093
0            433      0.0566459
0            434      0.0866103
0            435       0.127416
0            436        0.17869
0            437       0.248606
0            438       0.350564
0            439       0.481537
0            440       0.658196
0            441       0.870319
0            442        1.10834
0            443        1.38739
0            444        1.70189
0            445        2.06992
0            446        2.44637
0            447        2.81096
0            448        3.19978
0            449        3.59238
0            450        3.94953
0            451        4.25585
0            452        4.47311
0            453        4.58879
0            454        4.63079
0            455        4.58616
0            456         4.4567
0            457        4.22178
0            458        3.91497
0            459        3.57409
0            460        3.21778
0            461        2.82671
0            462        2.40578
0            463        2.02215
0            464        1.68411
0            465        1.36467
0            466        1.08277
0            467       0.842833
0            468       0.644462
0            469       0.477536
0            470       0.342281
0            471       0.244545
0            472       0.175927
0            473       0.123703
0            474      0.0851054
0            475      0.0594042
0            476      0.0377483
0            477      0.0199306
0            478      0.0119239
0            479      0.0080788
0            480     0.00477651
0            481     0.00312905
0            482     0.00254785
0            483     0.00161185
0            484    0.000733098
0            485    0.000374801
0            486    0.000148504
0            487    3.02611e-05
0            488    1.78095e-05
0            489    1.82131e-05
0            490    1.15113e-05
0            491    2.62615e-06
0            492    1.69428e-07
0            493    2.86749e-09
0            494    2.39969e-11
0            495    1.61682e-11
0            496     8.1615e-12
0            497    1.18328e-12
0            498    4.91268e-14
0            499    5.92963e-16
0            500    2.11476e-18
0            501    2.39393e-21
0            502    8.41818e-25
0            503    9.01904e-29
0            504    3.42033e-33
0            505    4.34839e-38
0            506    1.71852e-43
0            507    2.65203e-49
0            508    1.30729e-55
0            509    2.64901e-62
0            510     1.9166e-69
0            511    4.99672e-77
0            512    5.22234e-85
0            513    2.24418e-93
0            514   4.50463e-102
0            515   1.14141e-110
0            516   7.11907e-119
0            517   2.26995e-127
0            518   3.21198e-136
0            519     2.019e-145
0            520   5.69723e-155
0            521    7.2899e-165
0            522   4.59147e-175
0            523   1.24491e-185
0            524   1.69885e-196
0            525   1.40316e-207
0            526   4.68227e-219
0            527   8.91902e-231
0            528   8.21867e-243
0            529   4.86039e-255
0            530   1.16825e-267
0            531     2.028e-280
0            532   1.58022e-293
0            533   7.45533e-307
0            534              0
0            535              0
0            536              0
0            537              0
0            538              0
0            539              0
0            540              0
0            541              0
0            542              0
0            543              0
0            544              0
0            545    0.000714402
0            546     0.00128969
0            547     0.00139538
0            548     0.00131143
0            549    0.000633723
0            550    4.99449e-05
0            551    8.91502e-11
0            552    2.16349e-14
0            553    3.18231e-31
0            554        3.50058
0            555        3.26999
0            556        2.89037
0            557        2.01336
0            558       0.719743
0            559      0.0857259
0            560      0.0027464
0            561    1.89349e-06
0            562    3.96113e-17
0            563        133.418
0            564        121.826
0            565        106.354
0            566         74.357
0            567        26.7833
0            568        2.93608
0            569       0.134729
0            570     0.00152819
0            571    3.42529e-10
0            572        135.283
0            573        123.324
0            574        107.537
0            575        74.8561
0            576         26.832
0            577        2.84782
0            578       0.119409
0            579     0.00184099
0            580    4.98018e-12
0            581         3.6499
0            582        3.41836
0            583        3.02931
0            584        2.20135
0            585       0.788183
0            586      0.0791169
0            587     0.00440451
0            588    2.59524e-05
0            589    2.89693e-11
0            590     0.00295618
0            591     0.00248846
0            592     0.00215888
0            593     0.00103581
0            594    0.000137219
0            595    1.25924e-05
0            596    2.26126e-10
0            597    3.27027e-17
0            598    3.14144e-25
