0              0      0.0854334
0              1      0.0902396
0              2      0.0954261
0              3       0.101044
0              4       0.107312
0              5       0.115208
0              6       0.133432
0              7       0.201958
0              8       0.353966
0              9       0.460845
0             10        0.41585
0             11       0.414672
0             12       0.716912
0             13        1.18901
0             14        1.63954
0             15        2.59455
0             16        4.22838
0             17        6.12081
0             18         9.6635
0             19        15.9463
0             20        22.2072
0             21        29.4949
0             22        38.0025
0             23        48.3854
0             24        56.0445
0             25        61.9224
0             26        74.9896
0             27        83.8628
0             28        77.5758
0             29        66.4108
0             30        63.8844
0             31        60.7238
0             32        51.5399
0             33        40.4903
0             34        35.6424
0             35        30.7099
0             36        24.3077
0             37         19.325
0             38        13.9341
0             39        7.98798
0             40        4.24218
0             41         2.6644
0             42        2.03678
0             43        1.25315
0             44       0.799562
0             45       0.668263
0             46       0.435836
0             47       0.229978
0             48       0.156977
0             49       0.138972
0             50       0.130244
0             51       0.122727
0             52       0.115576
0             53       0.108745
0             54       0.102183
0             55      0.0959746
0             56      0.0901834
0             57      0.0847914
0             58        0.07981
0             59      0.0752295
0             60       0.070978
0             61      0.0670585
0             62      0.0634501
0             63      0.0601024
0             64      0.0569983
0             65      0.0540967
0             66      0.0513963
0             67      0.0488746
0             68      0.0464936
0             69      0.0442764
0             70      0.0421905
0             71      0.0402248
0             72      0.0383843
0             73      0.0366514
0             74       0.035024
0             75      0.0334871
0             76      0.0320393
0             77      0.0306848
0             78      0.0294045
0             79      0.0281976
0             80       0.027063
0             81      0.0259895
0             82      0.0249771
0             83      0.0240249
0             84      0.0231193
0             85      0.0222654
0             86      0.0214627
0             87      0.0206994
0             88      0.0199802
0             89      0.0192979
0             90      0.0186569
0             91       0.132807
0             92        0.14861
0             93       0.166555
0             94       0.186429
0             95       0.208421
0             96       0.233123
0             97       0.262991
0             98       0.302097
0             99       0.355805
0            100        0.42978
0            101       0.535349
0            102        0.69853
0            103       0.954735
0            104         1.3674
0            105        2.04249
0            106        3.09701
0            107        4.56952
0            108        6.36474
0            109        8.94479
0            110        13.1923
0            111        19.0097
0            112        25.5937
0            113        32.8321
0            114        40.4382
0            115        49.1729
0            116        57.8645
0            117        64.4622
0            118        68.7161
0            119        70.6741
0            120        69.9253
0            121        66.1706
0            122        59.2869
0            123        50.7545
0            124        42.2902
0            125        33.8454
0            126         26.295
0            127        19.6113
0            128        14.0237
0            129        9.66941
0            130        6.46602
0            131        4.44986
0            132        3.13774
0            133        2.11144
0            134        1.38025
0            135       0.938854
0            136       0.681269
0            137       0.519933
0            138       0.414912
0            139       0.346493
0            140       0.298519
0            141       0.261161
0            142       0.230146
0            143       0.204218
0            144       0.182222
0            145       0.163137
0            146        0.14631
0            147       0.131381
0            148       0.118122
0            149       0.106327
0            150      0.0958231
0            151      0.0864633
0            152       0.078095
0            153      0.0706196
0            154      0.0639532
0            155      0.0579987
0            156      0.0526791
0            157      0.0479199
0            158      0.0436404
0            159       0.039816
0            160      0.0363622
0            161      0.0332596
0            162      0.0304606
0            163      0.0279349
0            164      0.0256531
0            165      0.0235856
0            166      0.0217104
0            167      0.0200092
0            168      0.0184581
0            169      0.0170478
0            170      0.0157615
0            171      0.0145897
0            172      0.0135198
0            173      0.0125442
0            174      0.0116549
0            175      0.0108432
0            176      0.0100992
0            177     0.00942145
0            178     0.00880174
0            179     0.00823535
0            180     0.00771719
0            181     0.00724359
0            182       0.134238
0            183       0.157807
0            184       0.185753
0            185       0.219081
0            186       0.258901
0            187       0.306893
0            188       0.364802
0            189       0.435191
0            190       0.521894
0            191       0.630081
0            192       0.767069
0            193       0.942726
0            194        1.17513
0            195        1.49304
0            196        1.93813
0            197        2.57764
0            198          3.508
0            199           4.82
0            200        6.59281
0            201        8.93413
0            202        11.9852
0            203        15.8439
0            204        20.5074
0            205        25.7871
0            206        31.2881
0            207        36.4757
0            208        40.5853
0            209        42.9975
0            210        43.4667
0            211        42.1932
0            212        39.5296
0            213        35.6441
0            214        30.8241
0            215        25.6239
0            216        20.5168
0            217        15.8642
0            218        11.9345
0            219        8.81441
0            220        6.44359
0            221        4.70737
0            222        3.47153
0            223        2.59707
0            224        1.96986
0            225        1.51188
0            226        1.17792
0            227       0.934807
0            228       0.756291
0            229       0.621642
0            230       0.516341
0            231       0.431817
0            232       0.362431
0            233        0.30509
0            234       0.257398
0            235       0.217553
0            236       0.184263
0            237       0.156283
0            238       0.132706
0            239       0.112802
0            240      0.0960025
0            241       0.081768
0            242      0.0696978
0            243      0.0594562
0            244      0.0507371
0            245       0.043311
0            246      0.0369867
0            247      0.0315846
0            248      0.0269789
0            249      0.0230577
0            250       0.019714
0            251      0.0168738
0            252      0.0144586
0            253      0.0124072
0            254      0.0106646
0            255     0.00918038
0            256     0.00791792
0            257     0.00684112
0            258     0.00592209
0            259     0.00513554
0            260     0.00446212
0            261     0.00388362
0            262     0.00338714
0            263     0.00296048
0            264     0.00259342
0            265     0.00227668
0            266     0.00200411
0            267     0.00176902
0            268     0.00156576
0            269     0.00139019
0            270     0.00123774
0            271     0.00110545
0            272    0.000990492
0            273      0.0428727
0            274      0.0549917
0            275      0.0704812
0            276      0.0902718
0            277       0.115524
0            278       0.147726
0            279       0.188723
0            280        0.24097
0            281       0.307443
0            282       0.392115
0            283        0.49987
0            284       0.637331
0            285       0.813246
0            286        1.04034
0            287        1.33653
0            288        1.72717
0            289        2.24552
0            290        2.93232
0            291        3.83574
0            292         5.0077
0            293        6.49121
0            294        8.30827
0            295        10.4448
0            296        12.8319
0            297         15.317
0            298        17.6687
0            299        19.6118
0            300        20.8882
0            301        21.3299
0            302        20.8881
0            303        19.6313
0            304        17.7323
0            305        15.4289
0            306        12.9694
0            307        10.5741
0            308        8.40443
0            309        6.55505
0            310        5.04909
0            311        3.86477
0            312        2.95205
0            313        2.25955
0            314        1.73814
0            315        1.34634
0            316        1.04947
0            317       0.821476
0            318       0.644224
0            319       0.505551
0            320        0.39677
0            321        0.31124
0            322       0.243942
0            323       0.191007
0            324       0.149398
0            325       0.116685
0            326      0.0910377
0            327      0.0709122
0            328      0.0551701
0            329      0.0428686
0            330      0.0332675
0            331      0.0257856
0            332      0.0199727
0            333      0.0154623
0            334      0.0119662
0            335     0.00926064
0            336     0.00716889
0            337     0.00555041
0            338     0.00429837
0            339     0.00333165
0            340     0.00258376
0            341     0.00200494
0            342     0.00155771
0            343     0.00121169
0            344    0.000943909
0            345    0.000736316
0            346    0.000575519
0            347    0.000450772
0            348    0.000353795
0            349    0.000278317
0            350    0.000219474
0            351    0.000173519
0            352    0.000137586
0            353    0.000109389
0            354    8.72607e-05
0            355    6.98292e-05
0            356     5.6078e-05
0            357    4.52087e-05
0            358    3.66031e-05
0            359    2.97577e-05
0            360    2.43084e-05
0            361    1.99527e-05
0            362    1.64638e-05
0            363     1.3658e-05
0            364     0.00157992
0            365     0.00191902
0            366     0.00233011
0            367     0.00282777
0            368     0.00342999
0            369      0.0041574
0            370      0.0050373
0            371     0.00610015
0            372     0.00738225
0            373     0.00892766
0            374       0.010789
0            375      0.0130309
0            376      0.0157251
0            377      0.0189622
0            378      0.0228492
0            379      0.0275107
0            380      0.0330903
0            381      0.0397716
0            382      0.0477484
0            383      0.0572856
0            384      0.0686651
0            385      0.0822174
0            386      0.0983689
0            387       0.117587
0            388        0.14045
0            389       0.167625
0            390       0.199937
0            391       0.238284
0            392       0.283827
0            393         0.3378
0            394        0.40175
0            395       0.477401
0            396       0.566711
0            397       0.671889
0            398       0.795501
0            399       0.940236
0            400        1.10895
0            401        1.30443
0            402        1.52986
0            403        1.78778
0            404        2.08037
0            405        2.40937
0            406        2.77486
0            407        3.17658
0            408        3.61121
0            409        4.07423
0            410        4.55918
0            411        5.05722
0            412        5.55753
0            413        6.04659
0            414        6.51143
0            415        6.93683
0            416        7.30883
0            417        7.61382
0            418        7.84016
0            419        7.97928
0            420        8.02547
0            421        7.97683
0            422        7.83562
0            423        7.60744
0            424        7.30105
0            425         6.9282
0            426         6.5025
0            427        6.03789
0            428        5.54947
0            429         5.0504
0            430        4.55385
0            431        4.07011
0            432        3.60815
0            433        3.17431
0            434        2.77363
0            435        2.40813
0            436        2.07927
0            437        1.78691
0            438        1.52898
0            439        1.30377
0            440        1.10829
0            441       0.939784
0            442       0.795308
0            443       0.671913
0            444       0.566817
0            445       0.477645
0            446       0.402098
0            447       0.338211
0            448       0.284242
0            449       0.238734
0            450       0.200417
0            451       0.168112
0            452       0.140926
0            453       0.118053
0            454      0.0988335
0            455      0.0826828
0            456      0.0691188
0            457      0.0577363
0            458      0.0481884
0            459      0.0401941
0            460      0.0334953
0            461      0.0278879
0            462      0.0232046
0            463      0.0192903
0            464      0.0160239
0            465      0.0133001
0            466       0.011031
0            467     0.00914202
0            468     0.00757043
0            469     0.00626465
0            470     0.00518093
0            471     0.00428143
0            472     0.00353616
0            473     0.00291877
0            474     0.00240736
0            475     0.00198501
0            476     0.00163548
0            477     0.00134731
0            478     0.00110915
0            479    0.000912917
0            480    0.000750985
0            481    0.000617722
0            482    0.000507882
0            483    0.000417511
0            484    0.000343162
0            485    0.000281993
0            486    0.000231669
0            487    0.000190337
0            488    0.000156356
0            489    0.000128416
0            490    0.000105462
0            491    8.66179e-05
0            492    7.11307e-05
0            493    5.84125e-05
0            494    4.79748e-05
0            495    3.93992e-05
0            496    3.23647e-05
0            497    2.65821e-05
0            498     2.1837e-05
0            499     1.7942e-05
0            500    1.47463e-05
0            501    1.21211e-05
0            502    9.96414e-06
0            503    8.19482e-06
0            504    6.74111e-06
0            505    5.54763e-06
0            506    4.56715e-06
0            507    3.76138e-06
0            508    3.09955e-06
0            509    2.55503e-06
0            510    2.10729e-06
0            511    1.73898e-06
0            512    1.43609e-06
0            513    1.18675e-06
0            514    9.81245e-07
0            515    8.11914e-07
0            516    6.72412e-07
0            517    5.57269e-07
0            518    4.62299e-07
0            519    3.83848e-07
0            520    3.19039e-07
0            521    2.65463e-07
0            522    2.21084e-07
0            523    1.84359e-07
0            524    1.53912e-07
0            525     1.2864e-07
0            526    1.07643e-07
0            527    9.02293e-08
0            528    7.57154e-08
0            529    6.36395e-08
0            530    5.35625e-08
0            531    4.51546e-08
0            532    3.81318e-08
0            533    3.22566e-08
0            534    2.73285e-08
0            535    2.31995e-08
0            536    1.97299e-08
0            537    1.68079e-08
0            538    1.43472e-08
0            539    1.22711e-08
0            540    1.05193e-08
0            541    9.03454e-09
0            542    7.77555e-09
0            543    6.70593e-09
0            544     5.7971e-09
0            545        247.178
0            546        194.044
0            547         157.75
0            548        148.917
0            549        111.033
0            550          70.01
0            551        43.5552
0            552        24.6809
0            553        14.0945
0            554        8.52538
0            555        4.74976
0            556        2.46299
0            557        1.22957
0            558       0.639218
0            559       0.320462
0            560       0.132724
0            561      0.0700662
0            562      0.0400729
0            563      0.0200978
0            564      0.0169123
0            565      0.0106873
0            566     0.00468036
0            567     0.00340517
0            568     0.00263117
0            569     0.00169553
0            570      0.0012272
0            571    0.000931285
0            572    0.000649664
0            573    0.000302562
0            574    0.000218411
0            575    0.000187924
0            576    0.000130156
0            577    9.61485e-05
0            578    5.82038e-05
0            579    6.25359e-05
0            580    8.29546e-05
0            581    8.48425e-05
0            582    7.17189e-05
0            583    3.78781e-05
0            584    1.98751e-05
0            585    1.43359e-05
0            586    1.02954e-05
0            587    1.39454e-05
0            588    2.66968e-05
0            589    3.14509e-05
0            590    2.74718e-05
0            591     1.4954e-05
0            592    2.80125e-06
0            593    2.49872e-06
0            594    2.46316e-06
0            595     2.3928e-06
0            596    2.28108e-06
0            597    2.00942e-06
0            598    1.63185e-06
0            599    1.08731e-06
0            600    8.27696e-07
0            601    7.78566e-07
0            602    9.35928e-07
0            603    1.05528e-06
0            604    1.08507e-06
0            605     8.9441e-07
0            606    6.54435e-07
0            607    3.43812e-07
0            608    3.16696e-07
0            609    2.59166e-07
0            610    2.33518e-07
0            611    2.22787e-07
0            612    1.90097e-07
0            613    1.34255e-07
0            614    7.87693e-08
0            615        163.604
0            616        112.469
0            617        78.3212
0            618        67.9589
0            619        46.7944
0            620        29.9361
0            621        18.0476
0            622        10.8538
0            623        6.51306
0            624        3.93141
0            625        1.81734
0            626       0.833901
0            627       0.531197
0            628       0.258123
0            629       0.139807
0            630      0.0751645
0            631      0.0442314
0            632       0.023526
0            633      0.0132241
0            634      0.0106794
0            635     0.00626476
0            636     0.00375449
0            637     0.00257024
0            638     0.00203907
0            639     0.00146078
0            640     0.00108205
0            641    0.000739484
0            642    0.000490982
0            643    0.000233938
0            644    0.000179899
0            645    0.000155009
0            646    0.000105787
0            647    7.79463e-05
0            648    4.79203e-05
0            649    5.19019e-05
0            650    6.63993e-05
0            651    6.72432e-05
0            652    5.72631e-05
0            653     3.1425e-05
0            654    1.73725e-05
0            655    1.24462e-05
0            656     8.9663e-06
0            657    1.19373e-05
0            658    2.24416e-05
0            659    2.62873e-05
0            660    2.29492e-05
0            661    1.26064e-05
0            662    2.52227e-06
0            663    2.24591e-06
0            664    2.16714e-06
0            665     2.0828e-06
0            666    1.96577e-06
0            667    1.72184e-06
0            668      1.403e-06
0            669    9.43561e-07
0            670    6.94867e-07
0            671    6.43417e-07
0            672    7.57702e-07
0            673    8.51028e-07
0            674    8.90448e-07
0            675    7.58482e-07
0            676    5.72858e-07
0            677    3.23944e-07
0            678     2.9285e-07
0            679    2.32425e-07
0            680    2.04601e-07
0            681    1.94111e-07
0            682    1.66384e-07
0            683    1.20291e-07
0            684    7.44035e-08
0            685        55.9766
0            686        31.8291
0            687        13.8703
0            688        7.50588
0            689        4.26489
0            690         2.5943
0            691        1.59125
0            692       0.767938
0            693       0.316827
0            694       0.145479
0            695      0.0841919
0            696      0.0407114
0            697      0.0369626
0            698      0.0309596
0            699      0.0217742
0            700      0.0128057
0            701      0.0089161
0            702     0.00541882
0            703      0.0039396
0            704     0.00311205
0            705     0.00206949
0            706     0.00169025
0            707     0.00111795
0            708    0.000883269
0            709    0.000660119
0            710     0.00049599
0            711    0.000341634
0            712    0.000220609
0            713    0.000119115
0            714    9.76465e-05
0            715    8.43054e-05
0            716    5.92147e-05
0            717    4.49429e-05
0            718    2.99194e-05
0            719    2.98029e-05
0            720    3.39103e-05
0            721    3.30378e-05
0            722    2.86151e-05
0            723    1.77217e-05
0            724    1.12054e-05
0            725    8.13877e-06
0            726    5.98036e-06
0            727    7.25872e-06
0            728    1.24299e-05
0            729    1.42138e-05
0            730    1.23733e-05
0            731    7.02157e-06
0            732     1.7929e-06
0            733    1.60869e-06
0            734    1.53437e-06
0            735    1.46062e-06
0            736    1.36156e-06
0            737    1.18821e-06
0            738    9.73759e-07
0            739    6.73029e-07
0            740    4.87171e-07
0            741    4.41297e-07
0            742    4.88654e-07
0            743    5.30559e-07
0            744    5.53765e-07
0            745    4.85608e-07
0            746    3.81522e-07
0            747    2.39367e-07
0            748    2.12944e-07
0            749    1.67612e-07
0            750    1.44935e-07
0            751     1.3533e-07
0            752    1.16587e-07
0            753    8.77505e-08
0            754    5.91273e-08
0            755        16.5667
0            756        9.59397
0            757        3.82261
0            758        1.53239
0            759       0.658638
0            760       0.320659
0            761       0.155866
0            762      0.0811528
0            763      0.0457955
0            764      0.0262066
0            765      0.0137657
0            766      0.0089808
0            767     0.00656219
0            768     0.00459325
0            769      0.0028069
0            770     0.00199983
0            771      0.0014808
0            772     0.00109555
0            773    0.000852534
0            774    0.000671637
0            775    0.000557799
0            776     0.00049531
0            777    0.000349928
0            778    0.000276877
0            779    0.000207426
0            780    0.000158414
0            781    0.000118715
0            782    7.99216e-05
0            783    5.30588e-05
0            784    4.45692e-05
0            785    3.79121e-05
0            786    2.84755e-05
0            787    2.25565e-05
0            788    1.67375e-05
0            789    1.48773e-05
0            790    1.42605e-05
0            791    1.28986e-05
0            792     1.1341e-05
0            793    8.33729e-06
0            794    6.13907e-06
0            795    4.63426e-06
0            796    3.53238e-06
0            797    3.67679e-06
0            798    5.15873e-06
0            799    5.56301e-06
0            800    4.81197e-06
0            801    2.95439e-06
0            802    1.14519e-06
0            803    1.02706e-06
0            804    9.66143e-07
0            805    9.05195e-07
0            806    8.30099e-07
0            807    7.23721e-07
0            808    5.99957e-07
0            809    4.37036e-07
0            810    3.23739e-07
0            811    2.86708e-07
0            812     2.8875e-07
0            813    2.92021e-07
0            814    2.93944e-07
0            815    2.62125e-07
0            816    2.14822e-07
0            817     1.5205e-07
0            818    1.33801e-07
0            819    1.07399e-07
0            820    9.21891e-08
0            821    8.38907e-08
0            822    7.24796e-08
0            823    5.72947e-08
0            824    4.24448e-08
0            825        5.04371
0            826        3.18651
0            827        1.43573
0            828       0.588794
0            829       0.273853
0            830       0.138609
0            831      0.0729741
0            832      0.0385534
0            833       0.021726
0            834      0.0127194
0            835      0.0076948
0            836     0.00476701
0            837     0.00312997
0            838     0.00209043
0            839      0.0014142
0            840    0.000990855
0            841    0.000704798
0            842    0.000505806
0            843    0.000371782
0            844     0.00027983
0            845    0.000222495
0            846    0.000180228
0            847    0.000137357
0            848    0.000108198
0            849    8.18843e-05
0            850    6.30748e-05
0            851      4.923e-05
0            852     3.6807e-05
0            853    2.83173e-05
0            854    2.33322e-05
0            855    1.93082e-05
0            856    1.53477e-05
0            857    1.24624e-05
0            858     9.8975e-06
0            859    8.25598e-06
0            860    7.04122e-06
0            861    5.94787e-06
0            862    5.17465e-06
0            863    4.26304e-06
0            864    3.44533e-06
0            865    2.72879e-06
0            866    2.16886e-06
0            867    1.96856e-06
0            868    2.12019e-06
0            869    2.05957e-06
0            870    1.76341e-06
0            871    1.24582e-06
0            872    7.52814e-07
0            873    6.66657e-07
0            874    6.10908e-07
0            875    5.57798e-07
0            876    5.01117e-07
0            877    4.36708e-07
0            878    3.68137e-07
0            879     2.8663e-07
0            880    2.24612e-07
0            881    1.95978e-07
0            882    1.81217e-07
0            883    1.68785e-07
0            884    1.59506e-07
0            885    1.42095e-07
0            886    1.20608e-07
0            887    9.51715e-08
0            888    8.32635e-08
0            889     6.9196e-08
0            890     5.9454e-08
0            891    5.26475e-08
0            892     4.5455e-08
0            893    3.74826e-08
0            894    2.99269e-08
0            895        1.57568
0            896        1.09978
0            897       0.582138
0            898       0.270457
0            899       0.130719
0            900      0.0671973
0            901      0.0362684
0            902       0.020126
0            903       0.011885
0            904     0.00734542
0            905     0.00461814
0            906      0.0029027
0            907      0.0019266
0            908     0.00131327
0            909    0.000910185
0            910    0.000637091
0            911    0.000454167
0            912    0.000327432
0            913    0.000239465
0            914    0.000178603
0            915    0.000136405
0            916    0.000105223
0            917    8.00645e-05
0            918    6.17373e-05
0            919    4.70557e-05
0            920    3.65805e-05
0            921    2.88832e-05
0            922    2.28746e-05
0            923    1.83063e-05
0            924     1.4834e-05
0            925    1.20672e-05
0            926    9.75912e-06
0            927    7.96147e-06
0            928    6.45379e-06
0            929    5.31171e-06
0            930    4.39813e-06
0            931    3.64113e-06
0            932     3.1016e-06
0            933    2.61667e-06
0            934    2.17782e-06
0            935    1.78181e-06
0            936    1.45884e-06
0            937    1.24631e-06
0            938    1.12981e-06
0            939    1.00067e-06
0            940    8.50554e-07
0            941    6.81545e-07
0            942    5.29621e-07
0            943    4.62747e-07
0            944    4.12641e-07
0            945    3.67623e-07
0            946     3.2441e-07
0            947    2.82424e-07
0            948      2.419e-07
0            949    1.98885e-07
0            950    1.64232e-07
0            951    1.42455e-07
0            952    1.25917e-07
0            953    1.11274e-07
0            954    9.98245e-08
0            955    8.80283e-08
0            956    7.61302e-08
0            957      6.413e-08
0            958    5.59476e-08
0            959    4.77443e-08
0            960    4.11157e-08
0            961    3.57507e-08
0            962    3.07953e-08
0            963    2.60084e-08
0            964    2.16277e-08
