0              0       0.225518
0              1       0.311109
0              2       0.431404
0              3       0.595028
0              4       0.818846
0              5        1.11115
0              6        1.49998
0              7        1.99656
0              8        2.61929
0              9        3.40826
0             10         4.3582
0             11        5.52419
0             12        6.91643
0             13        8.60639
0             14        10.5677
0             15        12.9001
0             16        15.6059
0             17        18.7371
0             18        22.4081
0             19        26.5092
0             20        31.2392
0             21        36.5988
0             22        42.6506
0             23        49.4162
0             24          57.04
0             25        65.7224
0             26        75.4002
0             27        85.9466
0             28        97.7848
0             29        110.769
0             30         124.87
0             31        140.375
0             32         156.69
0             33        174.403
0             34        192.775
0             35        212.464
0             36        233.038
0             37        253.926
0             38        275.742
0             39        297.806
0             40        319.729
0             41        341.113
0             42        361.891
0             43        380.687
0             44        397.674
0             45        412.376
0             46        424.738
0             47        434.214
0             48        441.005
0             49        445.052
0             50        446.342
0             51        444.937
0             52        440.919
0             53        434.433
0             54        425.629
0             55        414.377
0             56        401.173
0             57        385.999
0             58         369.16
0             59         350.33
0             60        330.574
0             61        309.796
0             62        288.259
0             63        266.291
0             64        244.633
0             65        222.763
0             66        201.436
0             67        181.309
0             68        161.827
0             69         143.92
0             70        127.003
0             71        111.742
0             72        97.7983
0             73         85.163
0             74        73.9629
0             75         63.729
0             76        54.5998
0             77        46.6499
0             78        39.6788
0             79        33.5394
0             80        28.2012
0             81        23.5804
0             82        19.6436
0             83        16.1729
0             84        13.2502
0             85        10.7537
0             86        8.62687
0             87        6.86523
0             88        5.38237
0             89        4.19765
0             90        3.24271
0             91        2.49885
0             92        1.91193
0             93        1.47139
0             94         1.1354
0             95       0.881436
0             96       0.694645
0             97       0.552525
0             98       0.447691
0             99       0.369055
0            100       0.311493
0            101      0.0359556
0            102       0.051324
0            103       0.074213
0            104       0.108406
0            105       0.158486
0            106       0.228884
0            107       0.325166
0            108       0.451144
0            109       0.610944
0            110       0.811203
0            111        1.05945
0            112        1.36426
0            113        1.73704
0            114        2.20033
0            115        2.77223
0            116        3.47649
0            117        4.34646
0            118        5.41026
0            119        6.66672
0            120        8.15193
0            121        9.87863
0            122        11.8342
0            123        14.0346
0            124        16.4969
0            125        19.2876
0            126        22.4375
0            127         26.022
0            128        30.1348
0            129        34.7441
0            130        39.9868
0            131         45.693
0            132        51.8572
0            133        58.4806
0            134        65.4615
0            135        72.7722
0            136        80.4722
0            137        88.3935
0            138        96.6544
0            139        105.104
0            140        113.646
0            141         122.16
0            142        130.476
0            143        138.433
0            144        145.898
0            145        152.529
0            146        158.275
0            147        162.883
0            148        166.361
0            149        168.635
0            150        169.758
0            151        169.754
0            152        168.716
0            153        166.649
0            154        163.592
0            155        159.564
0            156         154.68
0            157         148.94
0            158        142.563
0            159        135.537
0            160        128.098
0            161         120.29
0            162        112.185
0            163        103.915
0            164        95.5833
0            165        87.3027
0            166        79.2634
0            167        71.3959
0            168        63.9265
0            169        56.8366
0            170        50.1708
0            171         44.012
0            172        38.3302
0            173        33.0881
0            174         28.429
0            175        24.2264
0            176        20.5421
0            177        17.3294
0            178        14.5516
0            179        12.1949
0            180        10.1838
0            181         8.4716
0            182        7.00856
0            183        5.77391
0            184        4.73732
0            185        3.86018
0            186        3.14051
0            187        2.55402
0            188        2.07194
0            189        1.67352
0            190         1.3442
0            191         1.0672
0            192       0.836425
0            193       0.648333
0            194       0.498648
0            195       0.381899
0            196       0.293585
0            197       0.229037
0            198       0.182246
0            199       0.148992
0            200       0.125322
0            201        0.10795
0            202      0.0319738
0            203       0.038322
0            204      0.0453949
0            205       0.053721
0            206      0.0635239
0            207      0.0750798
0            208      0.0894712
0            209       0.108922
0            210       0.136386
0            211       0.174309
0            212        0.22477
0            213        0.28983
0            214       0.373036
0            215       0.480039
0            216       0.620751
0            217       0.803246
0            218        1.03699
0            219        1.32722
0            220        1.68208
0            221        2.10405
0            222         2.6051
0            223        3.19508
0            224        3.88845
0            225         4.6937
0            226         5.6062
0            227         6.6115
0            228        7.69623
0            229        8.86811
0            230          10.15
0            231        11.5763
0            232        13.2015
0            233        15.0513
0            234        17.1344
0            235        19.4438
0            236        21.9432
0            237        24.5524
0            238        27.2337
0            239        29.9319
0            240        32.5963
0            241        35.2561
0            242        37.9083
0            243        40.5465
0            244        43.0801
0            245        45.4439
0            246        47.5416
0            247        49.3515
0            248        50.8921
0            249        52.1841
0            250        53.1976
0            251        53.8693
0            252        54.0989
0            253        53.8559
0            254        53.1927
0            255        52.2308
0            256        51.0419
0            257        49.6421
0            258        47.9859
0            259        46.0326
0            260        43.7843
0            261        41.3068
0            262        38.6388
0            263        35.8748
0            264        33.0663
0            265        30.2741
0            266        27.4981
0            267        24.7877
0            268        22.1835
0            269         19.714
0            270         17.444
0            271        15.3778
0            272        13.4866
0            273        11.7502
0            274        10.1723
0            275        8.74665
0            276        7.47547
0            277        6.34195
0            278        5.32395
0            279        4.41777
0            280        3.62944
0            281        2.96264
0            282        2.41097
0            283        1.95985
0            284        1.59448
0            285         1.2951
0            286         1.0502
0            287       0.846624
0            288       0.678589
0            289       0.541428
0            290       0.434282
0            291       0.352885
0            292        0.29261
0            293       0.246583
0            294        0.20823
0            295       0.173236
0            296       0.140377
0            297       0.110503
0            298      0.0851065
0            299      0.0649438
0            300      0.0495996
0            301      0.0379227
0            302      0.0287984
0            303     0.00167341
0            304     0.00254175
0            305     0.00376513
0            306     0.00603045
0            307      0.0104737
0            308      0.0181051
0            309      0.0290943
0            310      0.0421561
0            311      0.0548491
0            312      0.0652137
0            313      0.0739466
0            314      0.0843215
0            315      0.0997903
0            316       0.122618
0            317       0.155149
0            318       0.200687
0            319       0.262962
0            320       0.343983
0            321       0.442896
0            322       0.555481
0            323       0.678607
0            324       0.819026
0            325       0.991091
0            326        1.20676
0            327        1.46957
0            328        1.77403
0            329        2.11771
0            330        2.50402
0            331        2.93382
0            332        3.40662
0            333        3.91367
0            334        4.43697
0            335          4.978
0            336        5.56598
0            337        6.23129
0            338        6.97602
0            339        7.76319
0            340        8.56277
0            341        9.37713
0            342        10.2061
0            343        11.0262
0            344        11.8057
0            345        12.5285
0            346        13.1988
0            347        13.8215
0            348         14.388
0            349        14.8717
0            350        15.2487
0            351        15.5048
0            352        15.6453
0            353        15.6798
0            354        15.6139
0            355        15.4414
0            356        15.1475
0            357         14.731
0            358         14.225
0            359        13.6679
0            360        13.0775
0            361        12.4348
0            362        11.7279
0            363        10.9813
0            364        10.2201
0            365        9.43258
0            366        8.61098
0            367        7.78679
0            368        6.99593
0            369        6.25549
0            370        5.56462
0            371         4.9159
0            372        4.31509
0            373        3.76709
0            374         3.2699
0            375        2.81927
0            376        2.40756
0            377        2.03179
0            378        1.69547
0            379        1.40063
0            380        1.14875
0            381       0.938765
0            382       0.765504
0            383       0.624775
0            384        0.51132
0            385       0.419933
0            386       0.347035
0            387       0.287003
0            388       0.233683
0            389        0.18517
0            390       0.143845
0            391       0.111716
0            392      0.0870921
0            393       0.067841
0            394      0.0542245
0            395      0.0467216
0            396      0.0424123
0            397      0.0368815
0            398      0.0287636
0            399      0.0203794
0            400      0.0141066
0            401       0.010157
0            402      0.0074842
0            403      0.0053396
0            404     0.00110967
0            405      0.0017124
0            406     0.00259222
0            407     0.00377745
0            408      0.0055629
0            409     0.00855441
0            410      0.0124298
0            411      0.0152884
0            412      0.0161595
0            413      0.0168615
0            414      0.0196205
0            415      0.0244073
0            416      0.0300626
0            417      0.0371841
0            418      0.0473454
0            419      0.0608804
0            420      0.0775701
0            421      0.0970342
0            422        0.11962
0            423       0.148741
0            424       0.187084
0            425       0.232223
0            426       0.280718
0            427       0.334753
0            428       0.398407
0            429       0.471671
0            430       0.555285
0            431       0.650093
0            432       0.756001
0            433       0.881788
0            434         1.0399
0            435        1.21707
0            436        1.38696
0            437        1.55313
0            438        1.73318
0            439        1.92506
0            440          2.117
0            441        2.30988
0            442        2.52068
0            443        2.75631
0            444        2.99776
0            445        3.22949
0            446        3.45678
0            447        3.67491
0            448        3.86368
0            449        4.00627
0            450        4.10668
0            451        4.17884
0            452        4.23272
0            453        4.26323
0            454        4.27038
0            455        4.27438
0            456          4.267
0            457        4.21875
0            458        4.13726
0            459         4.0239
0            460        3.84689
0            461        3.60693
0            462        3.36046
0            463         3.1536
0            464        2.97182
0            465        2.78781
0            466        2.60247
0            467        2.40245
0            468        2.18267
0            469        1.96691
0            470          1.762
0            471        1.56825
0            472        1.39548
0            473        1.23534
0            474        1.07276
0            475       0.916196
0            476       0.777334
0            477       0.654876
0            478       0.550306
0            479       0.465076
0            480       0.397431
0            481       0.346179
0            482       0.301651
0            483       0.252361
0            484       0.202073
0            485       0.160126
0            486       0.129124
0            487       0.105455
0            488      0.0855348
0            489      0.0683555
0            490      0.0530673
0            491      0.0399973
0            492      0.0304007
0            493       0.023655
0            494      0.0182151
0            495      0.0141701
0            496      0.0116227
0            497     0.00914537
0            498     0.00610939
0            499     0.00377281
0            500     0.00299825
0            501     0.00311999
0            502     0.00314958
0            503     0.00268168
0            504     0.00185987
0            505      0.0465126
0            506      0.0412894
0            507      0.0326182
0            508      0.0204781
0            509     0.00530305
0            510     0.00120312
0            511     0.00112565
0            512     0.00098997
0            513     0.00082118
0            514      0.0008445
0            515    0.000822908
0            516    0.000740936
0            517    0.000617984
0            518     0.00308193
0            519     0.00794155
0            520      0.0118541
0            521      0.0149001
0            522      0.0167565
0            523      0.0174251
0            524      0.0169178
0            525      0.0152208
0            526      0.0123264
0            527     0.00823419
0            528     0.00294461
0            529    0.000411868
0            530     0.00011606
0            531    6.77892e-07
0            532    5.46664e-07
0            533    3.28734e-07
0            534    2.33668e-07
0            535     1.7393e-07
0            536    8.96186e-08
0            537    7.12039e-09
0            538    5.02751e-09
0            539    3.86006e-09
0            540    4.39068e-09
0            541    4.24703e-09
0            542    3.40458e-09
0            543    1.89059e-09
0            544    5.96735e-11
0            545    3.12552e-14
0            546    7.75602e-16
0            547    7.07787e-16
0            548    5.34192e-16
0            549    2.62337e-16
0            550    6.71829e-18
0            551    5.39359e-18
0            552    3.43896e-18
0            553    8.83401e-19
0            554    2.84108e-20
0            555    2.64134e-20
0            556    2.17877e-20
0            557    1.45512e-20
0            558    4.69558e-21
0            559    8.49031e-25
0            560    7.27131e-25
0            561     5.2546e-25
0            562    2.43931e-25
0            563    2.95866e-28
0            564    2.52358e-28
0            565    1.76808e-28
0            566     6.9215e-29
0            567    9.13913e-43
0            568    5.01015e-43
0            569    6.58852e-47
0            570    2.21264e-47
0            571    2.91336e-49
0            572    1.80726e-49
0            573       1.52e-49
0            574    2.36317e-49
0            575        4.27099
0            576        4.16947
0            577        4.04951
0            578        3.89318
0            579        3.69374
0            580        3.47649
0            581        3.22839
0            582        2.96684
0            583        2.71914
0            584        2.51992
0            585        2.33662
0            586        2.14952
0            587        1.99028
0            588        1.82878
0            589        1.65161
0            590        1.44821
0            591        1.25594
0            592        1.07105
0            593         0.8934
0            594       0.759127
0            595       0.660417
0            596       0.579583
0            597       0.474441
0            598       0.381866
0            599       0.299601
0            600       0.232645
0            601       0.169263
0            602       0.120298
0            603      0.0903761
0            604      0.0721464
0            605      0.0568148
0            606      0.0508209
0            607      0.0463704
0            608      0.0436509
0            609      0.0426099
0            610      0.0397387
0            611      0.0320474
0            612      0.0195656
0            613     0.00854262
0            614    0.000310735
0            615    0.000190611
0            616    0.000123066
0            617    8.41347e-05
0            618    9.21658e-05
0            619    8.52122e-05
0            620    0.000212602
0            621    0.000317359
0            622    0.000373531
0            623    0.000399974
0            624    0.000409331
0            625     0.00038109
0            626    0.000314852
0            627    0.000210615
0            628    6.83787e-05
0            629    3.92299e-07
0            630    6.08993e-12
0            631    6.93317e-12
0            632    7.11879e-12
0            633    6.85322e-12
0            634    5.84545e-12
0            635    4.09546e-12
0            636    1.60325e-12
0            637    6.21152e-24
0            638    3.42861e-24
0            639    5.85098e-29
0            640    4.28323e-29
0            641    2.87319e-29
0            642    1.61614e-29
0            643     1.0348e-31
0            644     5.7888e-35
0            645        125.348
0            646        124.229
0            647          122.3
0            648        119.059
0            649        114.304
0            650        107.895
0            651        100.219
0            652         92.137
0            653        83.9619
0            654        75.9216
0            655        68.2048
0            656        60.9594
0            657        54.1804
0            658        47.9069
0            659        42.2142
0            660        36.8847
0            661        31.9803
0            662        27.4865
0            663          23.63
0            664         20.123
0            665        17.1797
0            666        14.6544
0            667        12.3578
0            668        10.2858
0            669        8.52675
0            670        6.97302
0            671        5.75734
0            672         4.7773
0            673        3.85204
0            674        3.10003
0            675        2.46911
0            676        1.96667
0            677        1.52302
0            678        1.14599
0            679       0.877385
0            680       0.668601
0            681       0.535189
0            682       0.425358
0            683       0.331079
0            684       0.255833
0            685        0.20408
0            686       0.154622
0            687       0.112081
0            688      0.0755684
0            689      0.0526174
0            690      0.0339933
0            691      0.0231231
0            692      0.0185702
0            693      0.0127741
0            694       0.004401
0            695     0.00104134
0            696      0.0013005
0            697     0.00128391
0            698       0.001029
0            699    0.000588899
0            700    5.23641e-06
0            701    2.28066e-06
0            702    6.47099e-10
0            703    7.23723e-10
0            704    7.09776e-10
0            705    6.06309e-10
0            706    4.12485e-10
0            707    1.78531e-10
0            708    3.85983e-19
0            709    4.88553e-20
0            710    2.29835e-21
0            711    5.15487e-22
0            712    7.33337e-23
0            713    3.75047e-24
0            714    2.66765e-24
0            715        125.809
0            716        124.517
0            717        122.152
0            718        118.545
0            719         113.45
0            720        106.634
0            721        98.5606
0            722        90.5007
0            723        82.4334
0            724        74.6746
0            725        67.3134
0            726        60.5325
0            727        54.2324
0            728        48.3483
0            729        42.8712
0            730         37.642
0            731         32.582
0            732        27.9346
0            733        23.8177
0            734         20.207
0            735        16.9826
0            736        14.1733
0            737        11.8029
0            738        9.84994
0            739        8.21643
0            740        6.84545
0            741        5.59977
0            742        4.55319
0            743        3.71136
0            744        2.95687
0            745        2.35059
0            746        1.86185
0            747        1.43446
0            748        1.10642
0            749       0.867059
0            750       0.685335
0            751       0.509375
0            752       0.381409
0            753       0.309691
0            754       0.256903
0            755       0.205679
0            756       0.159985
0            757       0.136892
0            758       0.115333
0            759      0.0892802
0            760      0.0621736
0            761      0.0454349
0            762      0.0350266
0            763      0.0239521
0            764      0.0122098
0            765     0.00517312
0            766    0.000475198
0            767     6.6724e-05
0            768    1.09915e-05
0            769    7.78853e-06
0            770    3.42585e-06
0            771    2.16242e-09
0            772    1.72719e-09
0            773     1.2003e-09
0            774    4.08415e-10
0            775    3.70307e-10
0            776    2.80078e-10
0            777    1.37744e-10
0            778    7.88216e-15
0            779    4.63342e-15
0            780    1.32357e-16
0            781    3.24455e-20
0            782    2.11511e-20
0            783    7.32753e-21
0            784    2.99267e-24
0            785        3.82272
0            786        3.77469
0            787        3.67221
0            788        3.53728
0            789        3.36465
0            790        3.14051
0            791        2.89416
0            792        2.61374
0            793        2.35916
0            794        2.11218
0            795        1.91969
0            796        1.73462
0            797        1.54998
0            798        1.35709
0            799        1.19128
0            800        1.02484
0            801       0.883755
0            802       0.764113
0            803       0.663892
0            804       0.574437
0            805       0.498916
0            806       0.433434
0            807       0.363191
0            808       0.296959
0            809       0.247989
0            810       0.205576
0            811       0.172519
0            812       0.141106
0            813       0.105622
0            814      0.0829636
0            815      0.0789926
0            816      0.0787647
0            817      0.0751284
0            818      0.0636027
0            819       0.053904
0            820      0.0448554
0            821      0.0318561
0            822      0.0162986
0            823     0.00382021
0            824    0.000830683
0            825    0.000483683
0            826    0.000148584
0            827    0.000116895
0            828    7.35057e-05
0            829    3.18274e-05
0            830    1.89273e-06
0            831    1.87272e-06
0            832    1.60477e-06
0            833    1.20421e-06
0            834    6.79182e-07
0            835    2.13002e-07
0            836    1.23099e-10
0            837    1.00706e-10
0            838     6.3371e-11
0            839    1.19281e-11
0            840     3.6974e-15
0            841    2.26884e-15
0            842    5.07884e-16
0            843    1.46511e-18
0            844    2.45552e-20
0            845    7.49321e-23
0            846    4.90617e-23
0            847    1.91759e-23
0            848    1.88635e-25
0            849    7.90213e-26
0            850      2.258e-27
0            851    1.30794e-30
0            852    1.12765e-30
0            853    8.70122e-31
0            854     5.6317e-31
0            855      0.0368463
0            856      0.0387325
0            857      0.0403065
0            858      0.0384927
0            859       0.035915
0            860      0.0371392
0            861      0.0411194
0            862      0.0414367
0            863      0.0385237
0            864      0.0347904
0            865      0.0284575
0            866      0.0232732
0            867       0.019958
0            868      0.0154668
0            869     0.00934441
0            870     0.00349649
0            871     0.00122347
0            872     0.00117403
0            873     0.00117061
0            874     0.00120385
0            875     0.00120775
0            876     0.00112327
0            877    0.000950366
0            878    0.000689054
0            879    0.000405593
0            880    0.000112787
0            881    1.91204e-07
0            882    1.50087e-07
0            883    1.25583e-07
0            884    8.83394e-08
0            885    7.28268e-08
0            886    5.85278e-08
0            887    3.45278e-08
0            888    2.97414e-09
0            889    1.62924e-10
0            890    1.03244e-10
0            891    7.45464e-11
0            892    3.58354e-11
0            893    8.98908e-12
0            894    9.81178e-15
0            895    1.03063e-14
0            896    9.82047e-15
0            897    8.46647e-15
0            898    6.30559e-15
0            899    3.23638e-15
0            900    1.48834e-15
0            901    9.74809e-16
0            902    2.69263e-16
0            903    3.40162e-20
0            904    1.29109e-20
0            905    4.75269e-21
0            906    1.65899e-21
0            907    1.37636e-21
0            908    9.38183e-22
0            909    3.44472e-22
0            910    1.49676e-23
0            911    9.43931e-24
0            912    2.11236e-24
0            913    2.30774e-27
0            914    1.77214e-27
0            915    1.03158e-27
0            916    8.60706e-29
0            917    5.54785e-38
0            918    1.01717e-40
0            919    4.48534e-42
0            920    1.79549e-46
0            921    2.34453e-48
0            922    8.99706e-49
0            923    4.18387e-49
0            924    2.78571e-49
