0              0    0.000387036
0              1    0.000653207
0              2     0.00110417
0              3     0.00184512
0              4     0.00307657
0              5     0.00503845
0              6     0.00825271
0              7      0.0133559
0              8      0.0213573
0              9      0.0341184
0             10      0.0535027
0             11      0.0835606
0             12       0.128874
0             13       0.198223
0             14       0.299177
0             15       0.449123
0             16       0.665362
0             17       0.974301
0             18        1.41953
0             19        2.02603
0             20         2.8714
0             21        4.01803
0             22        5.55005
0             23        7.55083
0             24        10.1482
0             25        13.5164
0             26        17.7388
0             27        22.8453
0             28        29.1333
0             29        36.6221
0             30        45.3519
0             31        55.5341
0             32        66.7486
0             33        79.2948
0             34        92.4692
0             35        106.487
0             36         120.73
0             37        134.475
0             38        147.766
0             39        159.825
0             40         170.14
0             41        178.275
0             42        183.951
0             43        186.609
0             44        186.366
0             45        183.156
0             46        176.985
0             47        168.414
0             48        157.743
0             49         145.14
0             50        131.638
0             51        117.491
0             52        102.954
0             53        88.9954
0             54        75.7329
0             55        63.2197
0             56        52.1163
0             57        42.2936
0             58        33.7982
0             59        26.4631
0             60        20.4955
0             61         15.632
0             62        11.7423
0             63        8.68743
0             64        6.36987
0             65        4.57437
0             66        3.23711
0             67        2.27288
0             68        1.56183
0             69        1.06604
0             70       0.712355
0             71       0.472983
0             72       0.309722
0             73       0.200205
0             74       0.128778
0             75       0.081114
0             76      0.0504142
0             77      0.0312094
0             78      0.0191259
0             79      0.0115593
0             80     0.00690977
0             81     0.00408667
0             82     0.00241259
0             83     0.00139316
0             84    0.000804954
0             85    0.000460786
0             86    0.000260844
0             87    0.000147638
0             88    8.19481e-05
0             89    4.56191e-05
0             90    2.51332e-05
0             91    1.38617e-05
0             92    7.50244e-06
0             93    4.07882e-06
0             94      2.196e-06
0             95    1.17082e-06
0             96    6.27624e-07
0             97    3.30438e-07
0             98    1.74433e-07
0             99    9.12282e-08
0            100    4.80265e-08
0            101    8.83612e-08
0            102    1.95229e-07
0            103    4.25927e-07
0            104    9.23969e-07
0            105    1.99231e-06
0            106    4.23896e-06
0            107    8.95929e-06
0            108    1.86758e-05
0            109    3.83888e-05
0            110    7.83109e-05
0            111     0.00015846
0            112    0.000316397
0            113    0.000621075
0            114     0.00120776
0            115     0.00231127
0            116     0.00435132
0            117     0.00810318
0            118      0.0149153
0            119      0.0268193
0            120      0.0476171
0            121      0.0834095
0            122       0.143163
0            123       0.241156
0            124       0.398101
0            125       0.646687
0            126         1.0276
0            127        1.59896
0            128        2.44174
0            129        3.63312
0            130        5.31847
0            131         7.5769
0            132        10.5439
0            133        14.3586
0            134        19.0738
0            135        24.7095
0            136        31.2757
0            137        38.4968
0            138         46.254
0            139        54.1302
0            140         61.687
0            141         68.451
0            142        73.9472
0            143        77.7752
0            144        79.6411
0            145        79.3581
0            146        76.9443
0            147        72.6353
0            148        66.6882
0            149        59.5784
0            150        51.8825
0            151         43.912
0            152        36.1838
0            153        29.0871
0            154        22.7273
0            155        17.2955
0            156        12.8603
0            157        9.29266
0            158        6.56778
0            159         4.5115
0            160        3.03462
0            161        1.99254
0            162        1.27761
0            163       0.800226
0            164       0.489816
0            165       0.293173
0            166       0.172502
0            167       0.098821
0            168      0.0557303
0            169      0.0307922
0            170      0.0166756
0            171     0.00890497
0            172     0.00466847
0            173     0.00238711
0            174     0.00121337
0            175    0.000602375
0            176    0.000295665
0            177     0.00014281
0            178    6.77829e-05
0            179    3.18818e-05
0            180      1.476e-05
0            181     6.7357e-06
0            182    3.02365e-06
0            183     1.3474e-06
0            184     5.9637e-07
0            185    2.58157e-07
0            186    1.11062e-07
0            187    4.75071e-08
0            188    2.00478e-08
0            189     8.3474e-09
0            190    3.45877e-09
0            191    1.41183e-09
0            192    5.69968e-10
0            193     2.2914e-10
0            194    9.17612e-11
0            195    3.62926e-11
0            196    1.41774e-11
0            197    5.51949e-12
0            198    2.12283e-12
0            199    8.13962e-13
0            200    3.11219e-13
0            201      1.176e-13
0            202    5.45274e-13
0            203    1.75237e-12
0            204    5.56725e-12
0            205    1.74529e-11
0            206    5.39883e-11
0            207    1.64778e-10
0            208    4.96131e-10
0            209    1.47331e-09
0            210    4.32023e-09
0            211    1.24674e-08
0            212    3.54483e-08
0            213    9.92585e-08
0            214    2.73581e-07
0            215    7.38464e-07
0            216    1.97146e-06
0            217     5.1432e-06
0            218    1.31803e-05
0            219    3.30169e-05
0            220    8.14925e-05
0            221    0.000196203
0            222    0.000463236
0            223     0.00106646
0            224     0.00239981
0            225     0.00528094
0            226      0.0113355
0            227      0.0236542
0            228      0.0478822
0            229      0.0942828
0            230       0.180315
0            231       0.333333
0            232       0.597041
0            233        1.03104
0            234        1.71588
0            235        2.75327
0            236        4.25406
0            237        6.29694
0            238         8.9539
0            239        12.2167
0            240        15.9318
0            241        19.8989
0            242        23.7584
0            243        27.1191
0            244        29.5468
0            245        30.7482
0            246        30.5406
0            247        28.9566
0            248        26.2111
0            249        22.6333
0            250        18.6775
0            251        14.7107
0            252        11.0883
0            253        7.99541
0            254        5.50889
0            255        3.64319
0            256        2.30532
0            257        1.40322
0            258       0.820899
0            259       0.462056
0            260       0.250513
0            261       0.131403
0            262      0.0663496
0            263      0.0324988
0            264      0.0154096
0            265     0.00710742
0            266     0.00316762
0            267     0.00137636
0            268    0.000583493
0            269    0.000239572
0            270    9.61344e-05
0            271    3.77205e-05
0            272    1.44266e-05
0            273    5.37595e-06
0            274    1.96389e-06
0            275    6.99584e-07
0            276    2.44439e-07
0            277    8.38246e-08
0            278    2.80607e-08
0            279      9.185e-09
0            280    2.95236e-09
0            281    9.33906e-10
0            282    2.90388e-10
0            283    8.83696e-11
0            284    2.65063e-11
0            285     7.7786e-12
0            286    2.26268e-12
0            287    6.45016e-13
0            288    1.81316e-13
0            289    4.99021e-14
0            290    1.36503e-14
0            291    3.66187e-15
0            292    9.69478e-16
0            293    2.53343e-16
0            294    6.53534e-17
0            295    1.66169e-17
0            296    4.17835e-18
0            297     1.0375e-18
0            298    2.54429e-19
0            299    6.16324e-20
0            300    1.47507e-20
0            301    3.48894e-21
0            302    8.17468e-22
0            303    8.48878e-21
0            304    5.01162e-20
0            305    2.90098e-19
0            306    1.64971e-18
0            307    9.19597e-18
0            308    5.02083e-17
0            309    2.69332e-16
0            310     1.4092e-15
0            311    7.19802e-15
0            312    3.59134e-14
0            313    1.75102e-13
0            314    8.29076e-13
0            315    3.83183e-12
0            316    1.72442e-11
0            317    7.55939e-11
0            318    3.21537e-10
0            319    1.33085e-09
0            320    5.33966e-09
0            321    2.08243e-08
0            322     7.8887e-08
0            323    2.88152e-07
0            324    1.02188e-06
0            325    3.51103e-06
0            326    1.16194e-05
0            327    3.72162e-05
0            328    0.000114868
0            329     0.00034142
0            330    0.000978188
0            331     0.00268335
0            332     0.00705104
0            333      0.0177378
0            334      0.0424334
0            335        0.09644
0            336        0.20768
0            337         0.4215
0            338       0.806486
0            339         1.4454
0            340        2.42046
0            341        3.78555
0            342        5.50282
0            343        7.42186
0            344         9.2781
0            345        10.7299
0            346        11.4712
0            347        11.3321
0            348        10.3384
0            349        8.71778
0            350        6.79509
0            351        4.90709
0            352        3.28317
0            353        2.04063
0            354         1.1808
0            355       0.637748
0            356       0.322915
0            357       0.153228
0            358      0.0685864
0            359       0.028932
0            360      0.0115819
0            361     0.00441307
0            362     0.00160082
0            363    0.000554016
0            364     0.00018373
0            365     5.8332e-05
0            366    1.77495e-05
0            367     5.2131e-06
0            368    1.47091e-06
0            369    3.98916e-07
0            370    1.04753e-07
0            371    2.64803e-08
0            372    6.47333e-09
0            373     1.5307e-09
0            374    3.49272e-10
0            375    7.74816e-11
0            376    1.66727e-11
0            377    3.46982e-12
0            378     7.0419e-13
0            379    1.38947e-13
0            380    2.66552e-14
0            381    4.99636e-15
0            382    9.08065e-16
0            383    1.61222e-16
0            384    2.80032e-17
0            385    4.71088e-18
0            386    7.74301e-19
0            387    1.24302e-19
0            388    1.93951e-20
0            389    2.95276e-21
0            390    4.36405e-22
0            391    6.28662e-23
0            392    8.81461e-24
0            393    1.20492e-24
0            394    1.59436e-25
0            395    2.05575e-26
0            396    2.58011e-27
0            397    3.14849e-28
0            398    3.72555e-29
0            399    4.31472e-30
0            400    4.86802e-31
0            401    5.35308e-32
0            402    5.74867e-33
0            403    6.01759e-34
0            404    1.98994e-32
0            405    3.04623e-31
0            406    4.49852e-30
0            407    6.39252e-29
0            408    8.75598e-28
0            409      1.159e-26
0            410    1.47064e-25
0            411    1.80243e-24
0            412     2.1175e-23
0            413    2.39551e-22
0            414    2.60016e-21
0            415    2.71342e-20
0            416    2.72648e-19
0            417    2.62865e-18
0            418    2.42994e-17
0            419    2.16036e-16
0            420     1.8384e-15
0            421    1.50139e-14
0            422     1.1751e-13
0            423     8.7758e-13
0            424    6.28292e-12
0            425    4.28066e-11
0            426    2.77621e-10
0            427    1.71673e-09
0            428    1.00562e-08
0            429    5.59144e-08
0            430    2.94755e-07
0            431     1.4647e-06
0            432    6.87565e-06
0            433    3.03788e-05
0            434    0.000125807
0            435    0.000487572
0            436     0.00176157
0            437     0.00590637
0            438      0.0182718
0            439      0.0516992
0            440       0.133252
0            441       0.310558
0            442       0.648696
0            443        1.20875
0            444        1.99544
0            445        2.90294
0            446        3.71033
0            447        4.15241
0            448        4.06424
0            449        3.47884
0            450        2.60668
0            451        1.71456
0            452       0.993129
0            453       0.509651
0            454       0.232719
0            455      0.0952245
0            456      0.0351995
0            457      0.0118045
0            458     0.00362445
0            459     0.00102345
0            460    0.000267543
0            461    6.49186e-05
0            462    1.46956e-05
0            463     3.1062e-06
0            464    6.16636e-07
0            465    1.14718e-07
0            466    2.00655e-08
0            467    3.31112e-09
0            468    5.13727e-10
0            469    7.53428e-11
0            470    1.04572e-11
0            471    1.36792e-12
0            472    1.69573e-13
0            473    1.99393e-14
0            474     2.2248e-15
0            475     2.3567e-16
0            476    2.36505e-17
0            477    2.25547e-18
0            478    2.05017e-19
0            479    1.76684e-20
0            480    1.45349e-21
0            481    1.14191e-22
0            482    8.53016e-24
0            483    6.11241e-25
0            484    4.18532e-26
0            485    2.73605e-27
0            486    1.72276e-28
0            487    1.03717e-29
0            488     5.9984e-31
0            489    3.33707e-32
0            490    1.77677e-33
0            491     9.1075e-35
0            492    4.47361e-36
0            493    2.10666e-37
0            494      9.552e-39
0            495    4.16344e-40
0            496    1.73971e-41
0            497     7.0036e-43
0            498    2.70173e-44
0            499    1.00876e-45
0            500    3.61119e-47
0            501    1.25212e-48
0            502    4.18956e-50
0            503    1.34973e-51
0            504    4.19557e-53
0            505    6.40272e-11
0            506    6.71355e-11
0            507    7.15352e-11
0            508      7.661e-11
0            509     8.2887e-11
0            510     8.9756e-11
0            511    9.63039e-11
0            512    1.02635e-10
0            513     1.0944e-10
0            514    1.16837e-10
0            515    1.23858e-10
0            516    1.29942e-10
0            517     1.3412e-10
0            518    1.37721e-10
0            519    1.40602e-10
0            520    1.43165e-10
0            521    1.45701e-10
0            522    1.46795e-10
0            523    1.47682e-10
0            524    1.48276e-10
0            525    1.48677e-10
0            526    1.47776e-10
0            527    1.46746e-10
0            528    1.44922e-10
0            529    1.44463e-10
0            530    1.44124e-10
0            531    1.42872e-10
0            532    1.40369e-10
0            533    1.36734e-10
0            534    1.33787e-10
0            535    1.30681e-10
0            536    1.26538e-10
0            537    1.21537e-10
0            538    1.16739e-10
0            539    1.12252e-10
0            540    1.07931e-10
0            541    1.03693e-10
0            542    9.94433e-11
0            543     9.4085e-11
0            544    8.95321e-11
0            545    8.61567e-11
0            546     8.2648e-11
0            547    7.84172e-11
0            548    7.42721e-11
0            549    7.03811e-11
0            550     6.6719e-11
0            551    6.33327e-11
0            552    6.09202e-11
0            553    5.85705e-11
0            554    5.57403e-11
0            555    5.28864e-11
0            556    4.98439e-11
0            557    4.63972e-11
0            558    4.28328e-11
0            559    3.92881e-11
0            560    3.55596e-11
0            561    3.14427e-11
0            562    2.73276e-11
0            563    2.34316e-11
0            564    2.07483e-11
0            565     1.8906e-11
0            566     1.7676e-11
0            567    1.66688e-11
0            568    1.55209e-11
0            569    1.47274e-11
0            570    1.40716e-11
0            571    1.31143e-11
0            572    1.21725e-11
0            573    1.12754e-11
0            574     1.0418e-11
0            575     0.00412403
0            576      0.0041516
0            577     0.00418915
0            578     0.00423192
0            579     0.00428963
0            580     0.00435132
0            581     0.00439539
0            582     0.00442158
0            583     0.00443047
0            584     0.00443296
0            585     0.00442519
0            586     0.00440539
0            587     0.00436681
0            588     0.00430922
0            589     0.00423507
0            590     0.00414035
0            591     0.00403306
0            592     0.00392054
0            593     0.00381143
0            594     0.00368967
0            595     0.00355828
0            596     0.00342057
0            597     0.00327954
0            598     0.00313567
0            599     0.00298608
0            600     0.00282832
0            601     0.00267281
0            602     0.00251272
0            603     0.00234877
0            604     0.00219158
0            605     0.00204156
0            606     0.00190084
0            607     0.00175825
0            608     0.00162094
0            609     0.00150345
0            610     0.00139031
0            611     0.00128592
0            612     0.00118616
0            613     0.00109014
0            614     0.00100003
0            615     0.00091508
0            616    0.000844354
0            617    0.000777985
0            618    0.000715386
0            619    0.000650047
0            620    0.000587899
0            621    0.000529519
0            622     0.00047786
0            623    0.000431304
0            624    0.000390688
0            625    0.000352004
0            626    0.000311377
0            627    0.000273519
0            628    0.000242253
0            629    0.000215333
0            630    0.000191544
0            631    0.000169084
0            632    0.000149684
0            633    0.000131631
0            634     0.00011929
0            635     0.00010711
0            636    9.60169e-05
0            637    8.63301e-05
0            638    7.81807e-05
0            639    7.05843e-05
0            640     6.2679e-05
0            641    5.35175e-05
0            642    4.44621e-05
0            643    3.54887e-05
0            644    2.73924e-05
0            645        61.2005
0            646        60.8194
0            647        60.1863
0            648        59.2732
0            649        58.1198
0            650        56.6586
0            651        54.8507
0            652        52.6598
0            653        50.1848
0            654        47.5706
0            655        44.9283
0            656        42.3148
0            657        39.7859
0            658         37.346
0            659        34.9445
0            660        32.5746
0            661        30.2932
0            662        28.1079
0            663        26.0382
0            664          24.03
0            665        22.0998
0            666        20.3066
0            667        18.6603
0            668        17.1227
0            669        15.6855
0            670        14.3279
0            671        13.1052
0            672        11.9787
0            673        10.9178
0            674        9.91693
0            675        9.00171
0            676        8.18205
0            677        7.40333
0            678        6.65593
0            679        5.98892
0            680        5.37282
0            681         4.8095
0            682        4.29956
0            683         3.8539
0            684        3.45219
0            685        3.08729
0            686        2.76369
0            687        2.45916
0            688        2.18153
0            689        1.91561
0            690        1.67985
0            691        1.46518
0            692        1.26401
0            693        1.08264
0            694       0.934058
0            695       0.811569
0            696       0.702954
0            697       0.606437
0            698       0.534294
0            699       0.473641
0            700       0.418413
0            701       0.367674
0            702       0.322077
0            703       0.279245
0            704       0.245532
0            705       0.214468
0            706       0.185492
0            707       0.158724
0            708       0.138209
0            709       0.121608
0            710       0.103546
0            711      0.0860614
0            712      0.0720021
0            713      0.0610157
0            714      0.0486094
0            715       0.953486
0            716       0.953724
0            717       0.953108
0            718       0.950443
0            719       0.944832
0            720       0.934832
0            721       0.919903
0            722       0.899252
0            723       0.875913
0            724       0.850034
0            725       0.822143
0            726       0.793143
0            727        0.76323
0            728       0.732342
0            729       0.699416
0            730       0.664854
0            731       0.629286
0            732       0.593896
0            733       0.559348
0            734       0.524669
0            735       0.490203
0            736       0.457696
0            737       0.427708
0            738       0.399007
0            739       0.371948
0            740        0.34594
0            741       0.322267
0            742       0.299781
0            743       0.277355
0            744        0.25504
0            745       0.233877
0            746       0.215004
0            747       0.196965
0            748       0.179094
0            749       0.162928
0            750       0.147906
0            751       0.133568
0            752       0.120625
0            753       0.109244
0            754      0.0986716
0            755      0.0893903
0            756      0.0810612
0            757      0.0731665
0            758      0.0655706
0            759      0.0579903
0            760      0.0510432
0            761      0.0445374
0            762      0.0386052
0            763      0.0332936
0            764      0.0288908
0            765      0.0252749
0            766      0.0220309
0            767      0.0192385
0            768      0.0169632
0            769      0.0151248
0            770      0.0135189
0            771       0.012084
0            772       0.010707
0            773     0.00944325
0            774     0.00827669
0            775      0.0072615
0            776     0.00636195
0            777     0.00547854
0            778     0.00479405
0            779     0.00421543
0            780     0.00352711
0            781     0.00289697
0            782     0.00237574
0            783      0.0019404
0            784     0.00157366
0            785    9.20862e-08
0            786    9.40148e-08
0            787    9.71586e-08
0            788    1.01435e-07
0            789    1.06047e-07
0            790    1.11062e-07
0            791    1.16309e-07
0            792     1.2105e-07
0            793    1.26029e-07
0            794    1.31287e-07
0            795    1.35903e-07
0            796    1.39471e-07
0            797    1.42097e-07
0            798    1.43871e-07
0            799    1.44531e-07
0            800    1.44265e-07
0            801    1.42809e-07
0            802    1.40725e-07
0            803    1.38121e-07
0            804     1.3502e-07
0            805    1.31717e-07
0            806    1.28603e-07
0            807    1.25995e-07
0            808    1.23486e-07
0            809     1.2104e-07
0            810    1.18667e-07
0            811    1.16009e-07
0            812    1.13325e-07
0            813    1.09652e-07
0            814    1.05451e-07
0            815    1.00647e-07
0            816    9.59648e-08
0            817    9.13361e-08
0            818     8.6262e-08
0            819    8.10439e-08
0            820    7.62261e-08
0            821    7.07844e-08
0            822    6.57588e-08
0            823    6.10172e-08
0            824    5.63683e-08
0            825    5.25455e-08
0            826    4.89881e-08
0            827    4.56921e-08
0            828    4.21988e-08
0            829    3.86725e-08
0            830    3.48865e-08
0            831    3.10711e-08
0            832    2.76346e-08
0            833    2.46756e-08
0            834    2.21324e-08
0            835     1.9858e-08
0            836    1.75742e-08
0            837    1.53541e-08
0            838    1.31309e-08
0            839    1.14413e-08
0            840    1.00886e-08
0            841    9.08328e-09
0            842      8.162e-09
0            843    7.52415e-09
0            844    6.95073e-09
0            845    6.37661e-09
0            846    5.86315e-09
0            847    5.34459e-09
0            848    4.82266e-09
0            849    4.26066e-09
0            850    3.58127e-09
0            851    2.86763e-09
0            852    2.34977e-09
0            853    1.90637e-09
0            854     1.5616e-09
0            855    1.90118e-17
0            856    1.98798e-17
0            857    2.14098e-17
0            858    2.33031e-17
0            859    2.57391e-17
0            860    2.83836e-17
0            861    3.09678e-17
0            862    3.31524e-17
0            863    3.51478e-17
0            864    3.74323e-17
0            865    3.93465e-17
0            866    4.07182e-17
0            867    4.22663e-17
0            868    4.37393e-17
0            869    4.52823e-17
0            870    4.68609e-17
0            871    4.81682e-17
0            872    4.93009e-17
0            873    5.03711e-17
0            874    5.12881e-17
0            875     5.2531e-17
0            876    5.33284e-17
0            877    5.37656e-17
0            878    5.38949e-17
0            879    5.39165e-17
0            880    5.48251e-17
0            881    5.53117e-17
0            882    5.56807e-17
0            883    5.61836e-17
0            884    5.78785e-17
0            885    5.98699e-17
0            886    6.10223e-17
0            887    6.18811e-17
0            888     6.2153e-17
0            889    6.20335e-17
0            890    6.10168e-17
0            891    5.91584e-17
0            892    5.70881e-17
0            893    5.45288e-17
0            894    5.21309e-17
0            895    5.05251e-17
0            896    4.81065e-17
0            897    4.49684e-17
0            898      4.321e-17
0            899    4.22901e-17
0            900    4.07904e-17
0            901    3.89505e-17
0            902    3.69129e-17
0            903    3.48609e-17
0            904    3.32093e-17
0            905    3.10429e-17
0            906    2.84579e-17
0            907    2.59813e-17
0            908    2.31661e-17
0            909    2.09489e-17
0            910    1.86047e-17
0            911    1.66736e-17
0            912    1.48082e-17
0            913    1.28042e-17
0            914    1.20915e-17
0            915    1.12834e-17
0            916    1.04343e-17
0            917    9.56538e-18
0            918    8.71563e-18
0            919    8.11844e-18
0            920    7.39891e-18
0            921    6.88321e-18
0            922    6.31771e-18
0            923    5.59992e-18
0            924    4.73104e-18
