0              0     0.00945997
0              1      0.0101219
0              2      0.0108476
0              3      0.0116355
0              4      0.0124952
0              5      0.0134283
0              6      0.0144517
0              7      0.0155689
0              8      0.0167829
0              9       0.018117
0             10      0.0195808
0             11      0.0211876
0             12      0.0229655
0             13       0.024934
0             14      0.0271184
0             15       0.029578
0             16      0.0323438
0             17      0.0354593
0             18      0.0390069
0             19      0.0430546
0             20      0.0477246
0             21      0.0531087
0             22       0.059372
0             23      0.0668121
0             24       0.075653
0             25      0.0864935
0             26       0.100193
0             27       0.118024
0             28       0.142366
0             29       0.176867
0             30        0.22772
0             31       0.303644
0             32        0.41584
0             33       0.580077
0             34       0.814683
0             35        1.14052
0             36        1.58692
0             37        2.19614
0             38         3.0276
0             39        4.16511
0             40        5.68273
0             41        7.66009
0             42        10.2949
0             43        13.6768
0             44        17.7389
0             45        22.6946
0             46        28.6848
0             47        35.4867
0             48        42.9169
0             49         50.935
0             50        59.2913
0             51        67.7361
0             52        75.9146
0             53        83.4235
0             54        89.6737
0             55        94.3291
0             56         97.128
0             57        97.7105
0             58        95.8638
0             59        91.7557
0             60        85.8854
0             61         78.495
0             62        70.1701
0             63        61.5215
0             64        52.9426
0             65        44.6147
0             66        36.8533
0             67        29.6297
0             68        23.0412
0             69        17.6753
0             70        13.4252
0             71        10.0411
0             72        7.42961
0             73        5.48321
0             74        4.06112
0             75        3.00318
0             76        2.19736
0             77        1.57997
0             78        1.11421
0             79       0.780037
0             80       0.550617
0             81       0.395121
0             82       0.289601
0             83       0.217621
0             84       0.167699
0             85       0.132859
0             86       0.108403
0             87      0.0907434
0             88       0.077666
0             89      0.0676625
0             90      0.0598375
0             91     0.00249871
0             92     0.00283261
0             93     0.00321768
0             94     0.00366121
0             95     0.00417346
0             96     0.00476415
0             97     0.00544853
0             98     0.00623703
0             99     0.00714881
0            100     0.00820484
0            101     0.00942698
0            102      0.0108403
0            103      0.0124769
0            104       0.014371
0            105      0.0165665
0            106      0.0191053
0            107      0.0220541
0            108      0.0254817
0            109       0.029471
0            110      0.0341315
0            111      0.0395869
0            112      0.0459825
0            113      0.0535213
0            114      0.0623655
0            115      0.0728642
0            116      0.0852795
0            117       0.100086
0            118       0.117879
0            119       0.139498
0            120       0.166276
0            121       0.200263
0            122       0.244842
0            123       0.305611
0            124       0.390827
0            125        0.51205
0            126       0.686068
0            127       0.937475
0            128        1.30366
0            129        1.83478
0            130        2.58866
0            131        3.62538
0            132        5.00515
0            133        6.81877
0            134        9.14998
0            135        12.1294
0            136        15.8457
0            137        20.3483
0            138         25.631
0            139         31.637
0            140        38.3293
0            141        45.4741
0            142        52.7424
0            143        59.6326
0            144        65.7189
0            145        70.6744
0            146        74.2737
0            147         76.274
0            148        76.4441
0            149        74.7295
0            150        71.3446
0            151        66.5761
0            152        60.6326
0            153        53.8319
0            154        46.6278
0            155        39.4251
0            156        32.5788
0            157        26.3272
0            158        20.7739
0            159        16.0405
0            160        12.1377
0            161        9.06569
0            162        6.70035
0            163        4.90567
0            164        3.55749
0            165        2.55391
0            166         1.8235
0            167        1.30864
0            168       0.952957
0            169       0.707443
0            170       0.535082
0            171       0.411636
0            172       0.322129
0            173        0.25652
0            174       0.207764
0            175       0.170675
0            176       0.141666
0            177       0.118558
0            178      0.0997445
0            179      0.0843892
0            180      0.0717012
0            181      0.0611872
0            182    0.000108522
0            183    0.000136051
0            184    0.000171149
0            185    0.000215979
0            186     0.00027318
0            187    0.000346555
0            188    0.000440581
0            189    0.000561362
0            190    0.000716877
0            191    0.000916555
0            192     0.00117363
0            193      0.0015048
0            194     0.00193165
0            195     0.00248062
0            196     0.00318807
0            197     0.00409853
0            198     0.00527085
0            199     0.00677866
0            200     0.00871868
0            201       0.011207
0            202      0.0144016
0            203      0.0184972
0            204      0.0237362
0            205      0.0304414
0            206      0.0389857
0            207      0.0498869
0            208      0.0637765
0            209       0.081448
0            210        0.10402
0            211       0.132899
0            212       0.169964
0            213       0.217827
0            214       0.279862
0            215       0.360556
0            216       0.466357
0            217       0.605733
0            218       0.790444
0            219        1.03609
0            220        1.36407
0            221         1.8007
0            222        2.38225
0            223        3.15449
0            224         4.1658
0            225        5.47496
0            226        7.13522
0            227        9.20463
0            228        11.7283
0            229        14.7265
0            230        18.1856
0            231        22.0287
0            232        26.1482
0            233        30.3509
0            234        34.4152
0            235        38.0966
0            236        41.1405
0            237        43.3474
0            238        44.5557
0            239        44.6586
0            240        43.6269
0            241        41.5305
0            242        38.5429
0            243        34.9037
0            244        30.8564
0            245        26.6493
0            246        22.5118
0            247        18.6184
0            248        15.1002
0            249        12.0237
0            250         9.4057
0            251        7.25069
0            252        5.52491
0            253        4.17832
0            254        3.14754
0            255        2.36619
0            256        1.77948
0            257        1.34168
0            258        1.01644
0            259       0.775034
0            260       0.594577
0            261       0.457691
0            262       0.353241
0            263       0.273474
0            264       0.212602
0            265       0.165871
0            266       0.129844
0            267        0.10181
0            268      0.0798509
0            269      0.0626478
0            270      0.0490999
0            271      0.0384615
0            272      0.0301033
0            273    1.69264e-07
0            274    2.45669e-07
0            275    3.58681e-07
0            276    5.26711e-07
0            277    7.77342e-07
0            278    1.15283e-06
0            279     1.7161e-06
0            280    2.56482e-06
0            281    3.84497e-06
0            282    5.77858e-06
0            283    8.69848e-06
0            284    1.31158e-05
0            285    1.97855e-05
0            286     2.9865e-05
0            287     4.5071e-05
0            288    6.79814e-05
0            289    0.000102449
0            290      0.0001542
0            291    0.000231805
0            292    0.000348041
0            293    0.000521531
0            294    0.000780134
0            295     0.00116473
0            296     0.00173596
0            297     0.00258054
0            298     0.00382582
0            299     0.00565901
0            300     0.00834343
0            301      0.0122574
0            302      0.0179452
0            303      0.0261706
0            304      0.0380026
0            305      0.0549463
0            306      0.0791118
0            307       0.113398
0            308       0.161883
0            309       0.230216
0            310       0.326169
0            311       0.459894
0            312       0.645238
0            313       0.899199
0            314        1.24325
0            315        1.70228
0            316        2.30383
0            317        3.07653
0            318        4.04794
0            319        5.23901
0            320        6.65976
0            321         8.3043
0            322        10.1426
0            323        12.1187
0            324         14.147
0            325        16.1224
0            326        17.9191
0            327        19.4119
0            328        20.4844
0            329        21.0507
0            330        21.0604
0            331        20.5128
0            332        19.4544
0            333         17.971
0            334        16.1757
0            335        14.1965
0            336        12.1592
0            337        10.1725
0            338        8.32336
0            339        6.67154
0            340        5.24449
0            341        4.04827
0            342        3.07443
0            343        2.30035
0            344        1.69849
0            345        1.23994
0            346       0.897032
0            347       0.644145
0            348       0.459783
0            349       0.326628
0            350       0.231092
0            351       0.162892
0            352       0.114451
0            353      0.0801265
0            354      0.0559055
0            355      0.0388527
0            356      0.0269043
0            357      0.0185561
0            358      0.0127533
0            359     0.00872941
0            360     0.00595364
0            361     0.00404621
0            362     0.00274149
0            363     0.00185198
0            364    6.71263e-13
0            365    9.44146e-13
0            366    1.33107e-12
0            367    1.87983e-12
0            368    2.65931e-12
0            369    3.76643e-12
0            370    5.34453e-12
0            371    7.59371e-12
0            372    1.08015e-11
0            373    1.53751e-11
0            374    2.19015e-11
0            375      3.123e-11
0            376    4.45395e-11
0            377    6.35504e-11
0            378    9.07151e-11
0            379    1.29521e-10
0            380    1.84878e-10
0            381    2.63952e-10
0            382     3.7657e-10
0            383    5.37424e-10
0            384    7.66568e-10
0            385    1.09263e-09
0            386     1.5566e-09
0            387    2.21648e-09
0            388    3.15325e-09
0            389    4.48278e-09
0            390    6.36864e-09
0            391    9.03855e-09
0            392    1.28188e-08
0            393    1.81584e-08
0            394    2.57009e-08
0            395    3.63383e-08
0            396    5.13134e-08
0            397    7.23783e-08
0            398    1.01995e-07
0            399    1.43566e-07
0            400    2.01842e-07
0            401    2.83354e-07
0            402    3.97374e-07
0            403     5.5653e-07
0            404    7.78373e-07
0            405    1.08733e-06
0            406    1.51649e-06
0            407    2.11266e-06
0            408    2.93801e-06
0            409    4.07873e-06
0            410    5.65386e-06
0            411    7.82422e-06
0            412    1.08098e-05
0            413    1.49009e-05
0            414     2.0506e-05
0            415    2.81571e-05
0            416    3.85884e-05
0            417    5.27707e-05
0            418    7.19931e-05
0            419    9.80168e-05
0            420    0.000133146
0            421     0.00018043
0            422    0.000243935
0            423    0.000329135
0            424    0.000443072
0            425    0.000595138
0            426    0.000797715
0            427     0.00106715
0            428     0.00142427
0            429     0.00189747
0            430     0.00252181
0            431     0.00334501
0            432     0.00442546
0            433      0.0058431
0            434     0.00769251
0            435      0.0101033
0            436      0.0132287
0            437      0.0172655
0            438      0.0224636
0            439        0.02912
0            440      0.0376129
0            441       0.048392
0            442      0.0619954
0            443      0.0790747
0            444       0.100401
0            445       0.126866
0            446       0.159512
0            447       0.199499
0            448       0.248214
0            449       0.307074
0            450       0.377648
0            451        0.46177
0            452       0.561145
0            453       0.677614
0            454        0.81293
0            455       0.968784
0            456        1.14676
0            457        1.34795
0            458        1.57325
0            459        1.82269
0            460        2.09651
0            461        2.39362
0            462        2.71207
0            463        3.04941
0            464         3.4022
0            465        3.76641
0            466        4.13657
0            467        4.50709
0            468        4.87167
0            469        5.22331
0            470        5.55468
0            471        5.85919
0            472        6.12946
0            473        6.36009
0            474        6.54507
0            475        6.68003
0            476        6.76171
0            477        6.78851
0            478        6.75929
0            479        6.67533
0            480        6.53832
0            481        6.35205
0            482        6.12056
0            483        5.84953
0            484         5.5451
0            485        5.21381
0            486        4.86253
0            487         4.4987
0            488        4.12868
0            489        3.75881
0            490        3.39508
0            491        3.04279
0            492        2.70581
0            493         2.3878
0            494        2.09141
0            495        1.81811
0            496        1.56919
0            497        1.34444
0            498        1.14392
0            499       0.966693
0            500       0.811522
0            501       0.676806
0            502       0.560836
0            503       0.462007
0            504       0.378309
0            505        0.30805
0            506        0.24946
0            507       0.200952
0            508       0.161086
0            509       0.128486
0            510       0.102011
0            511      0.0806353
0            512      0.0634742
0            513      0.0497559
0            514      0.0388457
0            515      0.0302119
0            516      0.0234114
0            517      0.0180738
0            518      0.0139073
0            519      0.0106637
0            520      0.0081519
0            521     0.00621241
0            522     0.00472095
0            523     0.00357756
0            524     0.00270478
0            525     0.00203964
0            526     0.00153475
0            527     0.00115289
0            528    0.000864086
0            529    0.000646551
0            530    0.000482794
0            531    0.000359857
0            532    0.000267753
0            533    0.000198845
0            534    0.000147349
0            535    0.000108985
0            536    8.04353e-05
0            537    5.92314e-05
0            538    4.35159e-05
0            539    3.19003e-05
0            540    2.33394e-05
0            541    1.70309e-05
0            542    1.23987e-05
0            543    9.00443e-06
0            544    6.52526e-06
0            545        2.93945
0            546        2.16005
0            547        1.20716
0            548       0.559523
0            549        0.25894
0            550        0.12816
0            551       0.067511
0            552      0.0398177
0            553      0.0262065
0            554        0.01774
0            555      0.0118712
0            556     0.00818025
0            557     0.00574187
0            558     0.00449809
0            559     0.00317487
0            560      0.0018773
0            561     0.00128026
0            562    0.000814463
0            563    0.000547819
0            564    0.000439956
0            565    0.000388893
0            566    0.000309155
0            567    0.000218199
0            568    0.000155758
0            569    9.75991e-05
0            570    7.07181e-05
0            571    5.09462e-05
0            572    3.00284e-05
0            573    2.10315e-05
0            574    1.57122e-05
0            575    1.15573e-05
0            576    7.92187e-06
0            577    6.28817e-06
0            578    4.85448e-06
0            579    3.98309e-06
0            580    3.03747e-06
0            581    1.85325e-06
0            582     1.5344e-06
0            583    1.47252e-06
0            584    1.35135e-06
0            585    1.10067e-06
0            586    7.77459e-07
0            587    5.19084e-07
0            588    3.89891e-07
0            589    3.27359e-07
0            590    2.53648e-07
0            591    1.71923e-07
0            592    1.36958e-07
0            593    1.06509e-07
0            594    8.49888e-08
0            595    6.68601e-08
0            596    6.05941e-08
0            597    5.81869e-08
0            598    5.37002e-08
0            599    4.58979e-08
0            600    3.47786e-08
0            601    2.34171e-08
0            602    1.94835e-08
0            603    1.67238e-08
0            604    1.82232e-08
0            605    1.87706e-08
0            606    1.77419e-08
0            607    1.56687e-08
0            608    1.23789e-08
0            609    8.03396e-09
0            610     4.7723e-09
0            611     3.9265e-09
0            612    3.34303e-09
0            613     2.7443e-09
0            614    2.24126e-09
0            615        12.7185
0            616        8.75541
0            617        4.46332
0            618        2.00974
0            619       0.998413
0            620       0.590961
0            621       0.392191
0            622       0.291785
0            623       0.228779
0            624       0.164025
0            625       0.115915
0            626      0.0807404
0            627      0.0552675
0            628      0.0399715
0            629      0.0276405
0            630      0.0165173
0            631      0.0109439
0            632     0.00660891
0            633     0.00423735
0            634     0.00332344
0            635      0.0028077
0            636     0.00211951
0            637     0.00149481
0            638     0.00109699
0            639    0.000640974
0            640    0.000439414
0            641    0.000299474
0            642    0.000170422
0            643    0.000119546
0            644    8.35037e-05
0            645    5.89916e-05
0            646    3.68753e-05
0            647    2.68758e-05
0            648    1.79291e-05
0            649    1.40828e-05
0            650     1.0569e-05
0            651    6.20754e-06
0            652    5.36672e-06
0            653    5.63938e-06
0            654    5.58405e-06
0            655     4.6381e-06
0            656    3.18396e-06
0            657    2.01454e-06
0            658    1.49986e-06
0            659     1.2713e-06
0            660    9.37485e-07
0            661     5.1673e-07
0            662    3.90644e-07
0            663    2.86134e-07
0            664    2.15902e-07
0            665    1.52286e-07
0            666    1.92676e-07
0            667    2.41921e-07
0            668    2.53737e-07
0            669    2.19982e-07
0            670     1.4108e-07
0            671    5.27692e-08
0            672    4.20702e-08
0            673    3.91636e-08
0            674    6.46712e-08
0            675    7.97843e-08
0            676    8.19707e-08
0            677    7.47678e-08
0            678    5.71034e-08
0            679    3.05085e-08
0            680    1.14281e-08
0            681    9.21106e-09
0            682    7.73667e-09
0            683    5.74123e-09
0            684    4.11563e-09
0            685        50.2456
0            686        34.5298
0            687        19.3015
0            688        12.1282
0            689          8.478
0            690        5.85098
0            691        4.04052
0            692        2.88474
0            693        2.00628
0            694        1.36012
0            695       0.909659
0            696       0.597994
0            697       0.384017
0            698       0.248427
0            699       0.164206
0            700       0.100799
0            701        0.06383
0            702      0.0380531
0            703      0.0243548
0            704       0.018339
0            705      0.0140905
0            706      0.0098105
0            707     0.00699346
0            708     0.00504235
0            709     0.00290391
0            710     0.00189804
0            711     0.00123678
0            712    0.000755476
0            713    0.000547826
0            714    0.000361188
0            715     0.00024492
0            716    0.000145659
0            717    9.77028e-05
0            718    5.57696e-05
0            719     4.0196e-05
0            720    2.95928e-05
0            721    1.84583e-05
0            722    1.66285e-05
0            723    1.85002e-05
0            724    1.94131e-05
0            725    1.65786e-05
0            726    1.15111e-05
0            727    7.25362e-06
0            728    5.37253e-06
0            729    4.53016e-06
0            730    3.24468e-06
0            731    1.57425e-06
0            732    1.13781e-06
0            733    8.19859e-07
0            734    5.98678e-07
0            735    3.79765e-07
0            736    8.23164e-07
0            737    1.23971e-06
0            738    1.37671e-06
0            739    1.19945e-06
0            740    7.09051e-07
0            741    1.43343e-07
0            742    9.64564e-08
0            743    9.83386e-08
0            744     2.2656e-07
0            745     3.0465e-07
0            746    3.24379e-07
0            747    2.98811e-07
0            748    2.24582e-07
0            749    1.09082e-07
0            750    2.83831e-08
0            751    2.30383e-08
0            752    1.91384e-08
0            753    1.29343e-08
0            754    7.93982e-09
0            755        152.256
0            756         115.79
0            757        80.6552
0            758        65.1678
0            759        50.0576
0            760        34.9159
0            761        22.9086
0            762        14.7685
0            763        9.46764
0            764        5.93315
0            765        3.68934
0            766        2.25686
0            767        1.37492
0            768       0.833736
0            769       0.524392
0            770       0.325253
0            771       0.202219
0            772       0.121083
0            773      0.0775285
0            774       0.055682
0            775      0.0391269
0            776      0.0252069
0            777      0.0181083
0            778      0.0127121
0            779     0.00748273
0            780     0.00482168
0            781     0.00310464
0            782     0.00201933
0            783     0.00151782
0            784    0.000971093
0            785    0.000645635
0            786    0.000377172
0            787    0.000240127
0            788    0.000126427
0            789    8.35614e-05
0            790    5.94109e-05
0            791    3.84655e-05
0            792    3.54644e-05
0            793    4.14899e-05
0            794    4.57214e-05
0            795    4.01928e-05
0            796    2.85048e-05
0            797    1.78378e-05
0            798    1.27885e-05
0            799    1.06671e-05
0            800    7.57309e-06
0            801    3.54836e-06
0            802    2.48144e-06
0            803    1.79577e-06
0            804    1.28585e-06
0            805        7.6e-07
0            806    2.65773e-06
0            807    4.30822e-06
0            808     4.8662e-06
0            809    4.24673e-06
0            810    2.45099e-06
0            811    3.53909e-07
0            812    1.76065e-07
0            813    1.88025e-07
0            814    5.24058e-07
0            815    7.31185e-07
0            816    7.92077e-07
0            817    7.33092e-07
0            818     5.4818e-07
0            819    2.55464e-07
0            820     5.4197e-08
0            821    4.52527e-08
0            822    3.74643e-08
0            823    2.41322e-08
0            824    1.35654e-08
0            825        252.544
0            826        205.387
0            827         161.67
0            828        143.954
0            829        111.055
0            830        75.4921
0            831        48.4557
0            832        29.7182
0            833        17.9977
0            834         10.839
0            835        6.52878
0            836        3.89889
0            837        2.30979
0            838        1.34818
0            839       0.822386
0            840       0.519234
0            841       0.325319
0            842       0.195264
0            843         0.1241
0            844      0.0853214
0            845      0.0568056
0            846      0.0348548
0            847      0.0247352
0            848      0.0169671
0            849      0.0103899
0            850     0.00679374
0            851     0.00449382
0            852     0.00304818
0            853     0.00236004
0            854     0.00149082
0            855     0.00100171
0            856    0.000596858
0            857    0.000368245
0            858    0.000193858
0            859    0.000120579
0            860    8.19696e-05
0            861    5.15072e-05
0            862     4.7242e-05
0            863    5.74453e-05
0            864    6.54973e-05
0            865    5.88124e-05
0            866    4.23995e-05
0            867    2.60305e-05
0            868    1.77715e-05
0            869    1.46215e-05
0            870    1.04466e-05
0            871    5.04358e-06
0            872    3.44983e-06
0            873    2.50863e-06
0            874    1.75152e-06
0            875    9.81557e-07
0            876    4.80552e-06
0            877    8.05517e-06
0            878    9.16174e-06
0            879    8.01277e-06
0            880    4.60931e-06
0            881    6.01422e-07
0            882    2.10766e-07
0            883    2.24601e-07
0            884    6.86333e-07
0            885    9.73284e-07
0            886    1.06524e-06
0            887    9.90388e-07
0            888     7.4247e-07
0            889    3.42287e-07
0            890    6.94869e-08
0            891      6.004e-08
0            892     4.9638e-08
0            893     3.1219e-08
0            894    1.71331e-08
0            895        192.192
0            896        151.685
0            897        111.529
0            898        94.3511
0            899        72.5218
0            900         50.258
0            901        32.8265
0            902        20.4254
0            903        12.6294
0            904        7.76197
0            905        4.76457
0            906        2.93579
0            907        1.73514
0            908        1.01614
0            909       0.627012
0            910       0.409697
0            911       0.259098
0            912       0.154696
0            913      0.0991749
0            914      0.0666515
0            915      0.0429835
0            916      0.0255322
0            917      0.0175376
0            918      0.0120168
0            919      0.0076861
0            920      0.0051492
0            921     0.00356931
0            922     0.00259336
0            923      0.0020684
0            924     0.00129634
0            925    0.000876922
0            926      0.0005524
0            927    0.000336557
0            928    0.000185902
0            929    0.000112386
0            930    7.34856e-05
0            931    4.30556e-05
0            932    3.82606e-05
0            933    4.68718e-05
0            934    5.39121e-05
0            935    4.87937e-05
0            936    3.54983e-05
0            937    2.13438e-05
0            938    1.39889e-05
0            939    1.13363e-05
0            940    8.25602e-06
0            941    4.28381e-06
0            942    2.90066e-06
0            943    2.11835e-06
0            944    1.43877e-06
0            945     7.7893e-07
0            946    4.43663e-06
0            947    7.56784e-06
0            948     8.6442e-06
0            949    7.58717e-06
0            950    4.39831e-06
0            951     6.1069e-07
0            952    1.61493e-07
0            953    1.64598e-07
0            954    4.93857e-07
0            955    6.99004e-07
0            956    7.68175e-07
0            957    7.17263e-07
0            958    5.42785e-07
0            959    2.54703e-07
0            960     5.8743e-08
0            961    5.20113e-08
0            962    4.28485e-08
0            963    2.66001e-08
0            964    1.47777e-08
