0              0     0.00312537
0              1     0.00464693
0              2     0.00682472
0              3     0.00998888
0              4      0.0146317
0              5       0.021225
0              6      0.0308634
0              7      0.0450181
0              8      0.0652125
0              9      0.0953397
0             10       0.138248
0             11       0.199909
0             12       0.291512
0             13       0.416041
0             14       0.596955
0             15        0.84709
0             16        1.19089
0             17          1.658
0             18        2.29703
0             19         3.1221
0             20         4.2185
0             21        5.62096
0             22        7.43767
0             23        9.70367
0             24        12.5396
0             25        15.9114
0             26        20.0485
0             27        25.0563
0             28        30.7403
0             29        37.4921
0             30        45.0804
0             31        53.7234
0             32        63.3404
0             33        74.0236
0             34        85.4259
0             35        97.7641
0             36        110.784
0             37        124.298
0             38         138.36
0             39        152.337
0             40        166.417
0             41        179.956
0             42        193.077
0             43        205.495
0             44        216.617
0             45        226.357
0             46        234.625
0             47        241.007
0             48        245.448
0             49        247.909
0             50        248.307
0             51        246.555
0             52        242.813
0             53        236.954
0             54        229.364
0             55        220.308
0             56        209.762
0             57        198.045
0             58        185.499
0             59        172.312
0             60        158.596
0             61        144.967
0             62        131.447
0             63        118.438
0             64        105.749
0             65        93.5395
0             66        82.3858
0             67        72.0391
0             68        62.2836
0             69        53.5543
0             70        45.8115
0             71        38.9119
0             72        32.7417
0             73        27.4191
0             74         22.804
0             75        18.8303
0             76        15.4423
0             77        12.5715
0             78        10.1961
0             79        8.20925
0             80         6.5646
0             81        5.19511
0             82        4.09359
0             83        3.21201
0             84        2.50255
0             85        1.92806
0             86        1.47886
0             87        1.12592
0             88       0.849685
0             89       0.639281
0             90       0.476741
0             91       0.352915
0             92       0.258942
0             93       0.189642
0             94       0.137757
0             95      0.0994918
0             96      0.0713512
0             97      0.0514194
0             98       0.036636
0             99      0.0262388
0            100      0.0187983
0            101    6.46505e-05
0            102    0.000127354
0            103    0.000241513
0            104    0.000451877
0            105    0.000824275
0            106     0.00148434
0            107     0.00260153
0            108     0.00451875
0            109     0.00767543
0            110      0.0128904
0            111       0.021093
0            112      0.0341007
0            113      0.0537732
0            114      0.0832269
0            115       0.125554
0            116       0.186471
0            117       0.270165
0            118       0.383378
0            119       0.534702
0            120       0.733282
0            121       0.990323
0            122        1.32165
0            123        1.74176
0            124         2.2731
0            125         2.9476
0            126         3.7884
0            127        4.83828
0            128        6.12108
0            129        7.70198
0            130        9.60522
0            131        11.8871
0            132        14.5493
0            133         17.669
0            134         21.204
0            135        25.1924
0            136        29.6079
0            137        34.4791
0            138        39.6682
0            139        45.1402
0            140        50.8978
0            141        56.7357
0            142        62.5842
0            143        68.3651
0            144        73.9038
0            145        79.0703
0            146        83.7529
0            147         87.751
0            148        90.9966
0            149        93.3851
0            150        94.7941
0            151        95.1999
0            152        94.5874
0            153        92.9999
0            154        90.4987
0            155        87.1414
0            156        83.0652
0            157        78.3976
0            158        73.2284
0            159        67.8109
0            160        62.1615
0            161        56.4471
0            162        50.7349
0            163        45.2104
0            164        39.9042
0            165        34.8928
0            166        30.2554
0            167        25.9683
0            168        22.0809
0            169        18.6265
0            170         15.571
0            171        12.9015
0            172        10.5955
0            173        8.62546
0            174        6.96123
0            175        5.57734
0            176        4.43073
0            177        3.49443
0            178        2.72746
0            179         2.1135
0            180        1.62259
0            181        1.23576
0            182       0.930816
0            183       0.695116
0            184       0.514859
0            185       0.377275
0            186       0.274158
0            187       0.197092
0            188        0.14037
0            189      0.0992138
0            190      0.0696931
0            191      0.0488395
0            192       0.034266
0            193      0.0243685
0            194      0.0176265
0            195      0.0131482
0            196      0.0102029
0            197     0.00823706
0            198     0.00686705
0            199     0.00585054
0            200     0.00504013
0            201     0.00433753
0            202    1.17017e-05
0            203    2.86603e-05
0            204    6.60832e-05
0            205     0.00014278
0            206    0.000290168
0            207    0.000553222
0            208    0.000994514
0            209     0.00168658
0            210     0.00271983
0            211     0.00419018
0            212     0.00624025
0            213     0.00906041
0            214      0.0129561
0            215      0.0184421
0            216      0.0262047
0            217      0.0372304
0            218      0.0528283
0            219      0.0745711
0            220       0.104413
0            221       0.144994
0            222       0.198639
0            223       0.269532
0            224       0.361592
0            225       0.480928
0            226       0.634324
0            227       0.831665
0            228        1.08405
0            229        1.40294
0            230        1.80247
0            231        2.29479
0            232        2.89224
0            233        3.61287
0            234        4.46823
0            235        5.47206
0            236        6.64697
0            237         7.9969
0            238         9.5275
0            239        11.2435
0            240        13.1156
0            241        15.1187
0            242        17.2001
0            243         19.314
0            244        21.4029
0            245        23.4015
0            246        25.2531
0            247         26.913
0            248         28.335
0            249        29.4778
0            250        30.3094
0            251        30.8107
0            252        30.9649
0            253        30.7651
0            254        30.2054
0            255         29.306
0            256        28.0911
0            257         26.597
0            258        24.8791
0            259        22.9948
0            260        21.0034
0            261        18.9804
0            262        16.9744
0            263        15.0343
0            264        13.1716
0            265        11.4292
0            266        9.81767
0            267        8.33662
0            268        6.99685
0            269        5.80597
0            270        4.76337
0            271         3.8623
0            272        3.09432
0            273        2.45705
0            274        1.92925
0            275        1.50537
0            276        1.16429
0            277       0.895473
0            278       0.683193
0            279       0.518336
0            280       0.391101
0            281       0.293436
0            282       0.219258
0            283       0.163294
0            284       0.121315
0            285      0.0898635
0            286      0.0664757
0            287      0.0490694
0            288      0.0360695
0            289      0.0263976
0            290      0.0191537
0            291      0.0137084
0            292     0.00964636
0            293     0.00665293
0            294      0.0044671
0            295     0.00291803
0            296     0.00184463
0            297     0.00112584
0            298    0.000660736
0            299    0.000373602
0            300     0.00020344
0            301    0.000106313
0            302    5.31705e-05
0            303    7.22962e-06
0            304     1.3838e-05
0            305    2.24442e-05
0            306     3.1518e-05
0            307    4.01979e-05
0            308    5.07983e-05
0            309    7.04703e-05
0            310    0.000110112
0            311    0.000183349
0            312    0.000304306
0            313    0.000489236
0            314    0.000757625
0            315     0.00114481
0            316     0.00173369
0            317     0.00267775
0            318     0.00420202
0            319     0.00655134
0            320      0.0099819
0            321      0.0148566
0            322      0.0218177
0            323      0.0317936
0            324      0.0458667
0            325      0.0649414
0            326      0.0898973
0            327       0.122143
0            328       0.164411
0            329       0.220621
0            330       0.296053
0            331       0.395716
0            332       0.523965
0            333        0.68518
0            334       0.883391
0            335        1.12263
0            336        1.40989
0            337        1.75042
0            338        2.15128
0            339        2.61335
0            340        3.13719
0            341        3.71492
0            342        4.33616
0            343        4.98548
0            344         5.6482
0            345        6.30535
0            346         6.9445
0            347        7.54938
0            348        8.10121
0            349        8.57795
0            350        8.96067
0            351        9.22695
0            352        9.36495
0            353         9.3699
0            354        9.25028
0            355        9.01801
0            356        8.68838
0            357        8.27253
0            358        7.78372
0            359        7.23661
0            360        6.64846
0            361        6.04186
0            362        5.43082
0            363         4.8309
0            364        4.25256
0            365        3.69834
0            366        3.17408
0            367        2.68568
0            368        2.24013
0            369        1.84152
0            370        1.49299
0            371         1.1935
0            372       0.940972
0            373       0.731579
0            374       0.561034
0            375       0.425678
0            376       0.320659
0            377       0.241308
0            378       0.182303
0            379       0.138479
0            380       0.105411
0            381      0.0796833
0            382      0.0592437
0            383      0.0428858
0            384       0.030012
0            385      0.0202772
0            386      0.0132339
0            387     0.00842982
0            388     0.00531831
0            389     0.00339253
0            390     0.00221692
0            391     0.00148743
0            392     0.00100962
0            393    0.000677663
0            394    0.000439372
0            395     0.00027062
0            396    0.000156463
0            397    8.43257e-05
0            398    4.22391e-05
0            399    1.96393e-05
0            400    8.47898e-06
0            401    3.39857e-06
0            402    1.27361e-06
0            403    4.46626e-07
0            404    1.70498e-06
0            405    6.77918e-06
0            406    1.92724e-05
0            407    3.91456e-05
0            408    5.69983e-05
0            409    6.00353e-05
0            410    4.69874e-05
0            411    3.02006e-05
0            412     2.2593e-05
0            413    3.20749e-05
0            414    7.08098e-05
0            415    0.000160504
0            416    0.000323862
0            417    0.000567707
0            418    0.000876947
0            419     0.00123761
0            420     0.00169058
0            421     0.00236851
0            422     0.00346299
0            423     0.00514356
0            424     0.00752376
0            425      0.0107085
0            426      0.0149421
0            427      0.0207549
0            428      0.0289025
0            429      0.0402923
0            430      0.0558675
0            431      0.0766092
0            432       0.103719
0            433       0.138488
0            434       0.182382
0            435       0.237071
0            436       0.304348
0            437       0.385303
0            438       0.480793
0            439       0.591828
0            440       0.719705
0            441       0.865033
0            442        1.02708
0            443        1.20319
0            444        1.38965
0            445        1.57989
0            446        1.76643
0            447        1.94213
0            448        2.10314
0            449        2.25022
0            450        2.38504
0            451        2.50399
0            452        2.59778
0            453        2.65641
0            454        2.67656
0            455        2.66109
0            456        2.61361
0            457        2.53472
0            458        2.42346
0            459        2.28009
0            460        2.10962
0            461        1.92126
0            462        1.72503
0            463        1.52939
0            464        1.33969
0            465         1.1592
0            466       0.990985
0            467       0.837139
0            468        0.69897
0            469        0.57778
0            470       0.473488
0            471       0.384832
0            472       0.309835
0            473        0.24655
0            474       0.193693
0            475       0.150433
0            476       0.115767
0            477      0.0882281
0            478      0.0662826
0            479      0.0487904
0            480      0.0351588
0            481      0.0249337
0            482       0.017522
0            483       0.012256
0            484     0.00851758
0            485       0.005864
0            486     0.00398979
0            487     0.00267659
0            488     0.00175865
0            489     0.00113367
0            490    0.000725674
0            491    0.000468817
0            492    0.000304224
0            493    0.000191958
0            494    0.000112798
0            495    5.96296e-05
0            496    2.77238e-05
0            497    1.11942e-05
0            498    3.89687e-06
0            499    1.16454e-06
0            500    2.98871e-07
0            501    6.57702e-08
0            502    1.24998e-08
0            503    2.06143e-09
0            504    3.01397e-10
0            505    7.67381e-65
0            506    7.15855e-65
0            507     6.2998e-65
0            508    5.09754e-65
0            509    4.29004e-65
0            510    3.84825e-65
0            511     3.2347e-65
0            512     2.4494e-65
0            513    1.49235e-65
0            514    3.63549e-66
0            515     1.4799e-70
0            516    1.86383e-70
0            517    9.83609e-70
0            518    1.71593e-69
0            519    2.31995e-69
0            520    2.78242e-69
0            521    3.10331e-69
0            522    3.28191e-69
0            523     3.3182e-69
0            524    3.25554e-69
0            525    2.55203e-57
0            526      1.004e-56
0            527    1.64608e-56
0            528    2.18144e-56
0            529    2.61009e-56
0            530    2.93202e-56
0            531    3.24644e-56
0            532    4.07869e-56
0            533    4.66926e-56
0            534    5.01816e-56
0            535    5.12539e-56
0            536    4.99093e-56
0            537     4.6148e-56
0            538    3.99699e-56
0            539     3.1375e-56
0            540    2.03633e-56
0            541    1.26359e-56
0            542     6.3774e-57
0            543    3.02407e-61
0            544    2.64537e-61
0            545    2.15541e-61
0            546    1.56189e-61
0            547    8.46931e-62
0            548    6.04052e-63
0            549    7.14841e-63
0            550    7.91656e-63
0            551    8.34498e-63
0            552    8.43365e-63
0            553    8.18259e-63
0            554    7.59178e-63
0            555    6.66124e-63
0            556    5.39096e-63
0            557    3.78094e-63
0            558    1.83118e-63
0            559    1.53424e-72
0            560    1.36772e-72
0            561    1.14655e-72
0            562    8.70722e-73
0            563    5.40193e-73
0            564    1.54947e-73
0            565    1.41015e-74
0            566    9.15572e-75
0            567    2.97232e-75
0            568    5.12017e-82
0            569    2.58266e-82
0            570    2.71869e-83
0            571    2.10989e-83
0            572    1.34753e-83
0            573    8.62894e-84
0            574    8.61953e-84
0            575    6.97373e-41
0            576    6.50557e-41
0            577    5.72613e-41
0            578    4.63452e-41
0            579    3.90133e-41
0            580     3.5006e-41
0            581    2.94608e-41
0            582    2.23459e-41
0            583    1.36716e-41
0            584    3.43686e-42
0            585    1.44485e-43
0            586    1.49694e-43
0            587    1.48712e-43
0            588    1.42219e-43
0            589    1.33378e-43
0            590    1.21112e-43
0            591    1.04274e-43
0            592    8.22855e-44
0            593    5.50018e-44
0            594    2.24486e-44
0            595    1.57804e-38
0            596    6.20821e-38
0            597    1.01785e-37
0            598    1.34891e-37
0            599    1.61398e-37
0            600    1.81306e-37
0            601    4.06446e-35
0            602    3.35739e-34
0            603    5.75802e-34
0            604    7.60832e-34
0            605     8.9083e-34
0            606    9.65796e-34
0            607    9.85729e-34
0            608     9.5063e-34
0            609    8.60498e-34
0            610    7.15335e-34
0            611    5.15174e-34
0            612    2.60005e-34
0            613    1.73696e-42
0            614    1.51969e-42
0            615    1.23462e-42
0            616    8.81746e-43
0            617    4.61021e-43
0            618    1.05406e-45
0            619    4.50282e-46
0            620    2.92201e-46
0            621    3.10232e-46
0            622    3.15143e-46
0            623    3.06935e-46
0            624    2.85603e-46
0            625    2.51212e-46
0            626    2.03749e-46
0            627    1.43203e-46
0            628    6.95371e-47
0            629    1.64737e-49
0            630    1.80008e-49
0            631     1.8355e-49
0            632     1.7536e-49
0            633     1.6291e-49
0            634    1.43067e-49
0            635     1.1328e-49
0            636    7.35506e-50
0            637    2.38775e-50
0            638     3.1819e-56
0            639    2.92185e-56
0            640    2.44119e-56
0            641    1.74479e-56
0            642    8.27178e-57
0            643    5.47969e-58
0            644    3.94031e-58
0            645    4.90933e-20
0            646    4.57013e-20
0            647    4.88938e-20
0            648    4.85804e-20
0            649    4.54955e-20
0            650    4.08446e-20
0            651    3.97612e-20
0            652    3.30321e-20
0            653    3.26306e-20
0            654    3.74044e-20
0            655    4.03269e-20
0            656    4.20876e-20
0            657    4.20969e-20
0            658    4.03156e-20
0            659    3.79014e-20
0            660    3.44301e-20
0            661    2.94789e-20
0            662    2.30471e-20
0            663    1.51297e-20
0            664    5.72643e-21
0            665    6.45459e-24
0            666    1.00048e-23
0            667     1.3851e-23
0            668    3.72429e-23
0            669    5.76233e-23
0            670    7.34644e-23
0            671    3.46133e-18
0            672    2.87116e-17
0            673    4.92534e-17
0            674    6.50867e-17
0            675    7.62116e-17
0            676    8.26279e-17
0            677    8.43358e-17
0            678    8.13353e-17
0            679    7.36262e-17
0            680    6.12087e-17
0            681    4.40827e-17
0            682    2.22483e-17
0            683    1.60423e-25
0            684    8.19195e-26
0            685    8.08333e-26
0            686    7.55511e-26
0            687    6.42476e-26
0            688    5.08021e-26
0            689    3.19142e-26
0            690    2.78901e-26
0            691    2.86309e-26
0            692    2.70639e-26
0            693    2.31864e-26
0            694     1.6976e-26
0            695    1.42763e-26
0            696    1.19207e-26
0            697    8.59772e-27
0            698    4.30175e-27
0            699    1.13588e-28
0            700     9.6311e-29
0            701    7.14294e-29
0            702    3.76508e-29
0            703    2.56253e-29
0            704    2.24913e-29
0            705    1.78079e-29
0            706    1.15682e-29
0            707    3.76535e-30
0            708    1.40415e-32
0            709    1.28731e-32
0            710    1.07212e-32
0            711    7.58579e-33
0            712    3.46694e-33
0            713    2.11591e-35
0            714    1.50647e-35
0            715    1.40031e-06
0            716    1.30702e-06
0            717    1.34198e-06
0            718    1.35853e-06
0            719     1.4372e-06
0            720    1.46665e-06
0            721    1.47744e-06
0            722    1.35099e-06
0            723    1.31725e-06
0            724    1.36257e-06
0            725    1.32267e-06
0            726    1.24277e-06
0            727    1.08684e-06
0            728    8.49397e-07
0            729    7.05496e-07
0            730    6.27199e-07
0            731    5.38915e-07
0            732    4.28823e-07
0            733    2.93384e-07
0            734    1.31338e-07
0            735    2.64384e-08
0            736    1.34612e-08
0            737    6.49082e-09
0            738    6.12479e-09
0            739    6.04207e-09
0            740    5.97865e-09
0            741    2.23557e-08
0            742    1.44192e-07
0            743    2.43066e-07
0            744    3.18811e-07
0            745    3.71542e-07
0            746    4.01784e-07
0            747    4.09246e-07
0            748     3.9423e-07
0            749    3.56746e-07
0            750    2.96553e-07
0            751    2.13558e-07
0            752    1.07794e-07
0            753    4.70116e-11
0            754    2.24869e-11
0            755    3.14019e-11
0            756    4.12153e-11
0            757    5.14137e-11
0            758    5.99065e-11
0            759    6.34915e-11
0            760    6.25733e-11
0            761    5.67775e-11
0            762    4.58083e-11
0            763    2.95725e-11
0            764     8.0455e-12
0            765    2.99718e-12
0            766    2.61632e-12
0            767    2.02717e-12
0            768    1.23707e-12
0            769    3.99551e-13
0            770    9.78315e-14
0            771    6.17023e-14
0            772    2.09519e-14
0            773    6.59861e-15
0            774    3.33051e-15
0            775    2.08189e-15
0            776    1.80247e-15
0            777    1.34252e-15
0            778    1.06153e-15
0            779    9.67771e-16
0            780    8.05848e-16
0            781    5.69969e-16
0            782    2.60126e-16
0            783    9.73684e-19
0            784    7.02291e-19
0            785       0.687279
0            786       0.680047
0            787       0.667508
0            788       0.647038
0            789       0.623381
0            790       0.595447
0            791       0.563276
0            792       0.528953
0            793       0.500815
0            794       0.472844
0            795       0.440616
0            796       0.404609
0            797       0.368329
0            798        0.32982
0            799       0.294663
0            800       0.257339
0            801       0.227584
0            802       0.202605
0            803       0.182221
0            804       0.163257
0            805       0.145676
0            806        0.12995
0            807       0.115024
0            808       0.100904
0            809      0.0884574
0            810      0.0773017
0            811      0.0662215
0            812      0.0558038
0            813      0.0476815
0            814      0.0410281
0            815      0.0344691
0            816      0.0284248
0            817      0.0231521
0            818      0.0195067
0            819      0.0161176
0            820       0.012873
0            821      0.0105569
0            822     0.00835266
0            823     0.00618929
0            824     0.00441624
0            825     0.00349021
0            826     0.00283638
0            827     0.00245738
0            828     0.00234255
0            829     0.00218849
0            830     0.00223482
0            831     0.00225044
0            832     0.00211447
0            833     0.00176774
0            834     0.00122351
0            835    0.000952475
0            836    0.000709295
0            837     0.00052136
0            838    0.000341313
0            839     0.00020625
0            840     5.7306e-05
0            841    4.86312e-05
0            842    3.94889e-05
0            843    3.11436e-05
0            844    2.39083e-05
0            845    1.96309e-05
0            846    1.59791e-05
0            847     1.0458e-05
0            848    2.99972e-06
0            849     1.3189e-06
0            850    1.13793e-06
0            851    8.55423e-07
0            852    4.69513e-07
0            853    1.32167e-07
0            854     9.7785e-08
0            855        75.2684
0            856        74.6175
0            857        73.4362
0            858        71.6796
0            859        69.3558
0            860        66.4443
0            861        62.9822
0            862         59.187
0            863        55.2739
0            864         51.464
0            865        47.7132
0            866        44.0379
0            867        40.5852
0            868        37.2767
0            869        34.1149
0            870        31.1099
0            871        28.2455
0            872        25.5138
0            873        22.9854
0            874        20.6383
0            875        18.4677
0            876        16.4532
0            877        14.6082
0            878        12.9748
0            879        11.4838
0            880        10.1954
0            881        9.03415
0            882        8.00182
0            883        7.09132
0            884        6.23336
0            885        5.43117
0            886        4.71394
0            887        4.04896
0            888        3.45253
0            889         2.9499
0            890        2.49796
0            891        2.10118
0            892        1.77407
0            893        1.50981
0            894        1.29603
0            895        1.13306
0            896       0.982373
0            897       0.854534
0            898       0.731827
0            899       0.605062
0            900       0.504652
0            901       0.424427
0            902       0.354924
0            903       0.296657
0            904        0.26041
0            905       0.231751
0            906        0.19972
0            907       0.161382
0            908       0.128669
0            909       0.101885
0            910      0.0807027
0            911      0.0638169
0            912      0.0459139
0            913      0.0337713
0            914      0.0262356
0            915      0.0194929
0            916      0.0139572
0            917     0.00959578
0            918     0.00563001
0            919     0.00339271
0            920     0.00322383
0            921     0.00302194
0            922     0.00259195
0            923     0.00201321
0            924     0.00117926
